0	2527
0	2081
1	3486
1	437
1	2709
1	2978
5	3029
6	4918
6	4721
6	1131
6	2317
7	90
8	4905
8	3850
8	1122
11	775
13	216
13	4249
13	2821
19	2830
19	3590
20	578
21	506
22	2499
23	3374
25	489
26	2783
26	3675
26	3769
29	3863
31	4718
32	3460
32	4120
33	2239
35	1192
35	2150
36	1355
36	1546
38	4507
39	518
40	4921
41	3685
42	3588
42	1896
43	3180
44	3075
45	302
45	1460
47	4920
52	4695
54	2991
54	764
55	1856
59	2919
60	1061
61	1671
61	2956
62	2981
62	4343
63	1189
64	805
64	2226
64	2819
64	1510
65	428
65	2274
66	700
66	3747
70	169
70	1345
71	4512
71	2502
72	837
72	1011
73	1730
73	4018
73	743
74	1986
76	1709
77	2054
81	4725
81	929
82	3830
83	3378
83	2244
84	2975
85	4156
86	823
86	4257
87	539
88	4836
88	2497
89	623
90	3317
93	4869
93	4795
94	4467
99	3336
99	3274
100	3567
100	4659
101	2228
101	1105
101	4112
101	1359
101	2044
103	3608
104	4796
106	2189
108	866
110	3802
110	4355
110	2872
112	1967
112	4874
113	1936
113	1262
114	1776
114	141
114	1265
116	4210
116	581
117	1109
117	4636
119	4215
121	3215
122	3158
122	1107
123	3491
124	1892
124	2731
124	3938
124	542
125	406
126	1866
126	4495
127	4877
127	4270
127	1624
128	3107
129	2546
129	1381
129	2767
130	3869
130	2085
131	3559
132	405
134	3620
134	903
134	762
134	1120
135	2292
138	4238
138	3789
139	4242
141	2706
142	4582
144	1544
144	3312
144	530
145	2979
148	1779
148	3886
150	2829
151	3489
151	3584
152	1533
154	3122
154	2825
155	3040
155	2800
155	4823
157	2245
157	2068
158	737
158	3316
158	1367
158	3207
159	2759
159	1990
159	3392
160	3146
162	1981
162	2808
162	2277
163	3069
163	566
164	4728
164	329
166	3407
167	4998
167	4038
167	3542
170	217
172	2629
172	2692
173	4079
174	4619
174	2933
174	4434
174	464
175	560
176	1545
176	3645
178	4286
179	1987
181	1218
182	2391
185	2458
185	2715
186	3512
186	2982
186	1438
187	1782
189	1846
189	473
189	1673
190	3242
190	3810
191	1953
191	2350
192	2717
193	4063
195	1973
197	754
198	1326
199	2253
200	3104
200	2128
200	2905
201	4160
202	1049
202	2780
202	839
205	4745
205	452
207	4419
208	985
208	1327
209	3796
209	1167
211	4481
211	1023
212	3449
212	869
212	4221
212	2077
214	745
214	4107
215	41
217	2314
218	4506
218	846
219	2549
221	2246
221	3388
221	686
222	1251
222	274
225	4625
225	3218
226	265
226	1060
227	1940
227	842
227	2436
228	3743
229	2876
229	4148
229	1434
229	2939
230	1426
231	3981
231	3695
233	4647
234	1554
236	4285
237	2302
239	1867
240	3629
240	3322
241	3587
242	4236
243	2300
244	3387
245	2507
246	307
247	2924
248	3530
251	3974
251	4361
251	3351
253	138
255	2664
255	204
256	1043
256	4863
258	2565
259	71
259	3885
259	3095
261	1857
261	4418
261	2884
262	1644
262	1320
264	4716
264	4016
265	129
266	2199
268	2964
269	888
270	205
270	2931
270	2763
272	400
273	4597
273	600
274	1848
275	4527
275	3591
276	3967
278	3566
278	734
281	3609
282	2810
282	4093
285	3008
288	2638
288	3418
289	1522
289	3551
291	1971
297	4818
298	4516
299	1881
299	3485
301	1558
301	1854
302	1246
302	1054
302	1742
304	1910
304	4713
305	353
305	4420
306	436
307	2807
308	1408
310	2631
311	1791
311	3227
314	1536
315	668
317	2259
318	1538
319	423
319	2469
319	2417
320	366
320	1403
321	4303
322	3222
322	2897
323	3759
323	2045
324	526
324	4190
325	3496
326	64
329	1348
331	3561
331	3268
333	1066
335	3631
335	1756
335	2130
336	2796
339	4045
340	1882
340	4072
343	2454
345	4719
345	4248
346	865
346	4613
350	3341
351	2645
351	4700
351	768
352	4902
354	2561
355	3615
356	3704
356	1217
357	3882
358	2833
358	4605
361	1230
362	100
362	4337
363	975
363	3023
363	135
364	1804
367	808
369	68
370	460
370	4188
371	1880
373	2730
373	4417
374	2668
374	331
376	960
376	1935
378	2120
378	982
378	4444
378	2794
378	1818
379	627
379	3745
380	1789
381	3504
381	2406
382	2582
382	2468
383	1530
385	2240
387	936
387	632
387	3866
389	3533
391	3548
393	170
395	3961
399	1799
399	2086
402	913
403	2665
404	1968
405	2191
407	4962
407	1271
408	3358
408	3634
409	2322
410	3199
410	3878
410	3318
411	3894
412	3394
413	3248
413	664
414	2000
414	1594
415	1998
416	2896
416	3085
417	2873
417	1088
418	887
418	3125
421	32
423	1145
423	3966
427	1736
429	4891
429	14
429	10
429	2211
430	917
432	1821
432	1126
433	3597
433	890
433	3314
434	4305
435	998
435	4665
437	2809
439	4414
439	1260
440	0
441	1663
443	4469
444	3292
444	2478
445	1206
445	1376
447	2632
448	1407
450	3680
450	1215
451	3816
452	601
453	3844
454	4296
454	290
455	2470
457	118
458	4111
458	1517
460	3787
460	2371
461	3205
463	640
463	4334
464	4476
464	1674
464	3081
465	2988
465	4367
465	390
466	4943
466	2056
470	1532
471	1210
472	2870
474	1492
476	4832
476	4634
476	3191
478	821
478	3417
483	951
484	1724
485	2428
486	4240
487	2166
487	3506
492	1044
492	2674
493	374
495	2609
496	1114
496	4534
498	3918
500	4727
500	2547
500	2906
501	785
502	1342
502	2092
503	2479
504	638
505	2459
506	3746
507	431
508	4791
509	1226
511	2439
511	142
512	3835
515	463
516	1371
516	2333
516	2818
516	490
517	2500
518	99
518	3339
518	4150
521	1385
521	1130
521	2116
522	1331
522	3442
522	3165
522	2930
523	2590
523	457
523	2429
525	4465
526	529
527	2894
529	2946
530	2848
530	2647
531	1780
533	2325
533	2141
533	3067
536	356
537	2427
539	1249
539	4448
540	2118
541	2091
541	3776
543	2090
543	1386
546	4633
548	2361
549	1294
550	3454
551	3108
552	4209
552	2886
554	3273
556	3676
557	1276
558	4806
558	1612
559	3553
560	3775
562	3052
562	2345
563	983
564	1580
566	1467
566	4273
567	726
570	4542
570	984
571	3208
571	434
571	3361
573	3782
573	4223
574	4922
574	4027
575	2276
576	4449
580	1769
581	2369
581	1401
582	3383
584	1930
585	4452
586	2984
587	796
587	1903
589	1185
592	874
592	1409
593	4084
593	158
594	4336
594	2641
597	3303
600	3103
600	1872
601	2607
601	3962
601	4138
602	3390
603	4822
604	3044
604	4644
605	2628
605	1851
606	2123
606	4331
606	4269
609	1231
609	2751
611	66
616	1465
616	4540
619	725
619	4865
620	4999
620	1788
621	3241
622	3425
622	1135
623	4514
623	3770
623	1448
623	2016
623	1083
625	3944
626	1529
626	2156
626	2362
629	3901
630	2416
632	3760
633	1824
633	1282
637	2385
638	967
639	806
642	779
642	3373
643	1777
644	367
647	3307
647	2907
648	4628
648	1574
648	4006
649	596
650	2264
650	3867
650	1722
651	2756
651	948
653	246
653	3640
654	3569
655	4743
655	3575
656	1948
656	990
656	69
658	4742
659	2395
660	4046
661	3547
661	1845
661	3595
663	2343
665	2550
665	879
666	2642
666	3026
667	4246
668	476
668	4755
668	1112
670	3958
671	2995
671	126
671	3993
673	553
673	3968
673	4522
674	4864
675	1852
675	576
675	3020
675	4673
676	1369
676	2374
676	3119
677	1661
677	4729
677	441
678	4159
680	535
682	2790
683	1725
684	3748
684	149
684	3148
685	4103
685	2584
686	3448
686	4813
686	260
687	4077
688	2966
689	459
689	1456
690	774
690	1497
690	4117
690	4464
690	2018
692	1102
695	1565
697	1319
698	380
698	861
699	1984
700	2410
703	22
703	3611
704	1868
706	3260
706	1528
706	3259
708	3072
710	3917
710	2832
710	876
711	284
711	2006
714	3564
715	4976
715	4580
715	3840
716	3097
716	522
716	3648
717	477
717	2936
718	1972
719	4890
719	2480
719	209
720	735
721	1588
722	2705
722	789
724	4893
726	2327
727	103
727	540
731	1509
734	1711
735	4508
736	2684
736	1471
737	3188
737	3852
737	3999
737	4124
738	2386
738	4106
740	4688
740	4554
741	3091
741	2685
744	2673
744	1337
746	828
749	6
750	11
751	1451
753	3395
758	16
759	2010
760	2205
761	4585
763	3362
763	4284
763	548
763	895
764	1081
764	1147
764	1034
765	815
765	709
766	510
766	314
766	2260
766	2180
767	2828
769	2078
769	2487
770	1563
771	2433
772	1171
774	4053
775	3513
775	1684
776	2746
776	2017
777	2845
777	1949
778	4671
779	1660
779	681
780	1205
780	698
781	3063
781	4692
781	2122
783	966
783	4295
784	2359
789	1785
790	3326
790	2512
790	2135
791	2926
792	1125
793	3078
793	1615
793	2336
793	4372
795	1941
795	1330
796	4929
797	2587
797	3916
798	2223
799	4062
799	3128
800	1444
803	513
804	2519
805	704
806	782
808	2652
808	2014
809	3825
809	4680
809	3677
810	666
810	1065
811	825
813	4168
813	3527
813	3970
817	4825
817	3691
817	2787
817	3580
818	4936
818	4415
819	2482
819	1542
820	1411
820	767
820	3171
820	1240
822	4824
824	3920
824	3411
826	1840
829	4543
829	40
830	1629
830	2969
832	3252
832	3034
833	647
834	1018
835	1477
836	1338
836	813
836	3049
837	3524
837	383
838	4197
840	1306
840	923
842	1156
844	3065
845	1508
846	963
847	1679
848	137
851	2473
851	2514
855	3038
857	3791
858	2676
859	858
859	2396
859	4473
860	628
860	3247
862	2453
863	2649
864	1329
864	4429
865	2074
865	4261
865	1751
867	4292
868	2510
869	2669
869	1570
869	3536
871	3480
873	3637
873	200
874	4326
875	1589
876	3562
876	3375
877	1963
878	3193
881	96
881	3843
882	3665
882	4609
884	2373
887	4298
887	2071
888	1728
890	3613
890	1595
890	481
892	2163
893	4971
893	4862
893	1904
893	4036
894	3762
895	4837
895	3430
896	2250
896	112
897	3209
898	4811
898	4154
899	278
899	2831
899	120
899	1358
901	1186
903	1100
904	1372
906	3349
907	2922
907	3200
908	4421
908	134
908	416
908	1078
911	3155
912	2526
912	1862
914	2534
916	2675
916	1796
916	3319
917	4909
918	4157
919	4375
919	3495
919	236
919	4114
919	4098
920	4092
921	108
922	4870
925	286
927	2335
928	1178
929	2023
929	2953
929	1521
930	1463
931	1140
931	1579
932	2046
932	106
933	1637
933	2342
934	4244
935	2567
936	1267
937	3086
938	2094
938	1802
938	3281
939	3414
940	3558
942	1056
942	569
944	442
944	2753
944	519
947	899
947	1601
948	2739
950	2222
951	320
953	2004
956	4776
956	238
957	1393
958	171
958	2626
958	2098
960	1353
960	582
961	736
962	2108
963	3618
965	4489
965	4606
966	3099
967	3875
971	177
972	649
973	669
975	4260
975	3554
976	3985
976	971
976	945
977	3217
980	562
980	1698
983	791
983	1024
983	1691
983	3117
984	1772
984	3728
986	1916
987	3391
990	4882
990	1157
990	2472
991	469
992	720
992	3657
992	4663
993	1058
993	4277
993	4149
993	549
994	3123
995	1487
996	4067
997	2960
998	3815
999	2301
1000	2207
1002	1960
1003	4879
1003	723
1004	105
1006	4650
1007	1318
1007	4821
1007	1080
1012	3537
1013	3110
1014	1829
1016	3577
1016	2378
1016	4069
1017	2167
1017	1378
1020	1669
1021	4250
1022	2192
1022	110
1024	4360
1024	2771
1025	4010
1026	4978
1027	4653
1029	1419
1029	1934
1029	2881
1030	1613
1031	291
1032	4290
1034	3749
1036	92
1037	4927
1038	3991
1039	4496
1039	1248
1040	4678
1041	175
1041	2451
1042	2874
1043	2422
1047	2282
1047	1259
1048	1399
1048	3756
1049	2486
1050	2754
1050	4648
1051	3697
1051	4037
1055	3517
1055	4848
1055	3014
1056	4521
1056	2452
1057	1525
1058	3583
1059	1581
1059	20
1061	371
1064	1855
1064	4550
1065	1759
1065	591
1065	4044
1065	230
1067	156
1067	4549
1070	742
1074	3295
1075	625
1075	3472
1075	4748
1076	4802
1077	3988
1077	2537
1078	4404
1079	1693
1080	2885
1080	4714
1080	2082
1080	1233
1081	2769
1082	420
1082	3982
1083	145
1083	1172
1083	3283
1084	381
1085	4948
1085	2757
1087	4183
1087	164
1088	885
1088	616
1089	4302
1089	3984
1091	277
1091	3694
1091	1803
1092	4524
1093	857
1093	4533
1094	4499
1096	1737
1096	1071
1096	2153
1097	4332
1097	4664
1097	3017
1098	3441
1100	393
1100	2659
1101	2152
1101	3655
1102	347
1102	3409
1106	2543
1109	1628
1111	3879
1111	1571
1111	4704
1112	4897
1113	167
1113	4764
1114	30
1115	2146
1115	228
1116	3518
1117	3822
1118	50
1119	1771
1120	3053
1124	2364
1125	1712
1125	4676
1126	2745
1127	2701
1127	3032
1129	511
1129	4342
1131	3330
1131	1718
1131	249
1132	3997
1132	1162
1132	1894
1133	2597
1133	4567
1134	2494
1135	4969
1135	4115
1136	3670
1136	3059
1137	3338
1139	1560
1139	4299
1140	1626
1141	4369
1141	3908
1142	2670
1142	4926
1143	2100
1143	3515
1148	4677
1149	113
1150	1181
1151	4487
1152	1745
1154	4736
1155	2455
1155	1839
1157	384
1157	2929
1157	335
1158	486
1159	1212
1160	679
1160	4852
1161	4617
1161	1004
1163	585
1163	1577
1164	2688
1168	4128
1169	4770
1169	4564
1169	1096
1170	2844
1174	88
1176	4358
1179	3794
1180	401
1180	3166
1185	2983
1185	3048
1186	133
1187	4289
1187	2722
1188	1453
1189	4993
1189	3721
1189	2172
1189	3502
1191	2105
1192	2310
1192	996
1193	1366
1193	3160
1194	255
1199	3899
1199	3800
1200	1425
1203	62
1203	4588
1204	3644
1205	4983
1206	912
1207	1665
1207	3426
1207	2169
1209	599
1211	471
1212	2530
1213	3824
1213	964
1215	2679
1217	330
1218	795
1219	1274
1219	1647
1219	409
1220	4860
1220	81
1221	1257
1222	1884
1223	4322
1225	3990
1226	3642
1226	3309
1226	3446
1228	4669
1229	87
1229	3194
1231	3016
1232	3555
1233	4366
1234	4578
1235	422
1235	1828
1236	1831
1237	1073
1237	671
1238	941
1239	570
1239	4352
1242	3702
1243	2307
1243	430
1245	1244
1246	1704
1246	333
1249	263
1249	259
1250	3854
1252	1923
1252	2002
1252	3142
1254	788
1254	958
1254	2270
1255	379
1255	2777
1261	2213
1262	3784
1265	1214
1268	4942
1268	2849
1269	3399
1269	394
1270	319
1271	4624
1273	508
1275	4707
1276	2496
1277	626
1278	2308
1279	503
1280	3152
1281	3895
1281	3079
1284	42
1284	1726
1284	4401
1285	4075
1286	875
1288	1766
1289	2589
1291	191
1291	3660
1292	4965
1292	4551
1293	4510
1294	841
1298	2471
1298	4001
1299	2058
1300	2321
1300	3994
1301	4819
1301	3848
1302	1488
1303	4808
1304	3056
1305	4167
1305	3176
1305	2980
1305	1311
1305	3995
1307	2144
1308	4752
1308	3027
1309	3827
1309	4750
1314	4964
1314	3837
1315	921
1316	3408
1316	450
1316	212
1316	4810
1317	3220
1319	1478
1320	3616
1320	3364
1321	1472
1321	4935
1321	4854
1321	2861
1323	3054
1324	672
1325	4809
1326	162
1326	4775
1326	4035
1326	797
1327	4959
1328	4347
1328	940
1331	4034
1332	1316
1332	3605
1333	656
1334	1837
1336	2522
1336	1469
1336	3599
1336	3328
1336	2008
1337	4581
1338	4202
1342	3955
1342	541
1343	1937
1343	663
1343	252
1344	4137
1347	2187
1351	2934
1352	3610
1352	3654
1353	914
1354	4861
1354	1557
1354	2887
1355	3649
1355	641
1355	451
1355	2961
1356	1650
1356	2021
1356	1870
1359	820
1360	2699
1362	224
1364	402
1365	173
1366	237
1367	1672
1368	4855
1368	4032
1368	2563
1369	1597
1369	3240
1369	412
1371	2067
1371	4204
1372	187
1374	229
1374	4214
1376	697
1376	1001
1376	3114
1376	4354
1377	2553
1377	2053
1378	4405
1378	2814
1381	3369
1383	2741
1385	4649
1387	1920
1389	1876
1390	2892
1390	4175
1394	4399
1395	1229
1395	1495
1395	1732
1396	3683
1396	4520
1399	670
1399	4602
1400	621
1401	2352
1402	2376
1403	2600
1406	1435
1406	155
1406	3005
1407	4562
1409	1506
1409	3435
1409	4892
1410	4646
1413	3888
1414	1835
1417	3757
1417	3842
1417	4783
1417	4502
1419	3366
1419	2405
1419	480
1419	2136
1421	2457
1422	4099
1422	3251
1422	4485
1422	4589
1423	389
1423	3729
1423	1256
1424	4061
1425	3889
1426	2639
1427	3192
1430	1333
1432	1983
1432	494
1433	4443
1433	3004
1434	2033
1434	1164
1435	59
1437	4380
1437	2672
1438	404
1439	1573
1441	2198
1443	28
1443	1858
1443	2051
1443	703
1444	547
1444	4787
1445	2601
1445	2671
1445	4548
1449	220
1450	2823
1450	1068
1450	1844
1452	386
1452	3698
1454	546
1455	4381
1459	4255
1459	1317
1460	3225
1461	826
1466	3793
1467	2545
1467	2878
1468	2912
1468	4722
1468	1362
1469	3626
1469	552
1471	2957
1471	1404
1471	3836
1472	1304
1473	4844
1473	364
1474	2263
1474	2328
1474	3124
1476	1269
1476	2007
1478	222
1480	3546
1480	4078
1480	58
1480	2779
1481	4759
1482	739
1484	2444
1484	2202
1484	2252
1487	750
1487	4949
1488	1715
1489	2863
1493	2190
1497	906
1501	4320
1504	3401
1504	1473
1505	29
1506	2461
1509	2083
1511	2749
1512	3687
1512	3811
1513	2614
1513	4194
1514	1201
1515	226
1516	3083
1517	3563
1517	781
1517	94
1518	1154
1518	2407
1519	3625
1520	1158
1520	1033
1521	1929
1522	3022
1523	4033
1523	2586
1524	190
1525	2027
1525	4607
1527	4991
1527	161
1529	1547
1529	4492
1530	1421
1530	1284
1532	1676
1532	758
1532	3790
1533	3503
1533	1010
1537	1814
1537	3817
1537	657
1537	4552
1538	894
1540	683
1540	2318
1541	4560
1541	1608
1544	1160
1546	4282
1546	2208
1547	3717
1547	1820
1548	3699
1548	2330
1548	2215
1548	2320
1549	571
1550	749
1551	1141
1551	1587
1551	345
1553	3354
1554	63
1554	4941
1555	3799
1555	2813
1556	1270
1556	2857
1557	1636
1557	1324
1559	4208
1559	4162
1560	4938
1562	4687
1563	1019
1564	4981
1564	1877
1565	2636
1565	2622
1565	2901
1565	4903
1565	1182
1566	482
1566	2947
1566	4348
1567	18
1567	583
1568	852
1569	843
1570	4178
1572	4997
1572	2612
1573	2758
1573	1494
1574	3935
1575	2850
1576	3946
1576	186
1577	408
1578	4996
1580	2367
1581	1222
1581	2533
1583	1688
1585	4173
1585	1713
1585	862
1586	1048
1587	2562
1588	2043
1589	1911
1589	1720
1589	4239
1589	1480
1592	1368
1594	673
1594	3337
1595	17
1595	4052
1596	2623
1596	3264
1597	4914
1598	2296
1599	243
1600	3302
1602	4985
1602	4696
1604	2365
1604	756
1604	4561
1605	3393
1608	4064
1608	1719
1609	3236
1609	2925
1609	2558
1610	2890
1612	1640
1613	4179
1615	1942
1616	3344
1617	2624
1617	3681
1619	3130
1620	3709
1620	4211
1621	2127
1624	752
1625	2438
1626	2151
1626	3915
1626	3849
1626	1764
1627	517
1627	4689
1628	2594
1628	3416
1628	1124
1629	4291
1629	4519
1630	4315
1630	4515
1632	1886
1633	2255
1634	2992
1634	4080
1636	3154
1636	1985
1637	2539
1637	2404
1638	3900
1638	1002
1640	4505
1641	1396
1641	2847
1642	86
1643	4161
1646	3320
1648	1288
1649	245
1649	744
1651	4134
1652	2408
1652	3858
1653	2171
1655	1817
1658	2020
1659	3068
1659	618
1659	2229
1660	4020
1660	667
1661	803
1662	4074
1662	414
1663	872
1664	2356
1668	261
1668	926
1669	1915
1669	1153
1669	4217
1670	1830
1671	741
1673	153
1675	256
1675	4152
1678	3238
1680	3109
1682	4717
1683	534
1683	2883
1683	812
1684	1847
1684	287
1686	4930
1686	4947
1686	3706
1688	2035
1689	2271
1690	1014
1692	1605
1693	597
1693	3101
1693	198
1693	3493
1695	2577
1697	3911
1697	3750
1698	1000
1701	2003
1701	2124
1702	2249
1703	572
1705	202
1705	3720
1707	4966
1707	715
1707	342
1708	1354
1708	729
1710	1431
1710	4155
1711	4086
1713	3456
1713	1384
1714	3603
1715	853
1716	3483
1717	2441
1718	3925
1721	267
1721	4486
1723	4259
1725	4293
1725	4850
1728	4040
1729	760
1729	1030
1729	855
1730	3253
1732	2182
1732	3540
1732	4753
1732	4637
1733	2765
1734	2498
1735	4403
1735	3246
1735	2566
1736	3678
1736	1148
1736	1457
1737	31
1738	3285
1739	3458
1740	3833
1741	445
1741	2990
1743	4741
1745	1569
1746	2595
1746	266
1746	1227
1747	3144
1747	2066
1749	533
1749	949
1753	969
1754	1168
1754	619
1757	3161
1757	4595
1758	3718
1759	84
1759	2593
1760	2596
1760	4626
1761	1921
1763	472
1764	1349
1766	3960
1766	321
1766	4497
1766	4612
1767	3887
1769	4252
1770	2280
1771	507
1772	385
1774	2648
1774	74
1775	2346
1775	4601
1776	4730
1777	4828
1779	3809
1779	2903
1779	97
1779	882
1779	1405
1780	2732
1780	3298
1782	1600
1784	1035
1784	1020
1785	4557
1785	4699
1788	4596
1788	172
1789	3331
1790	3455
1791	1825
1791	4835
1791	3323
1791	213
1792	1174
1794	822
1795	3671
1796	2617
1796	1914
1797	3343
1798	3667
1798	1300
1798	2720
1799	3937
1799	2606
1799	1541
1799	1110
1800	3983
1806	2306
1806	497
1808	1598
1809	1303
1810	1195
1812	1090
1815	4023
1816	2655
1818	4474
1818	3287
1819	2491
1819	1917
1819	1989
1820	2210
1821	2555
1823	2661
1823	4944
1824	2103
1826	1255
1826	3293
1832	328
1833	847
1835	1364
1837	4059
1838	1853
1840	2573
1841	271
1844	3673
1846	4535
1849	443
1849	2542
1850	2838
1853	2234
1855	2139
1855	4297
1856	3763
1856	3141
1857	2348
1858	397
1858	4584
1859	829
1861	2421
1861	181
1865	3860
1865	801
1866	2412
1866	3439
1867	3013
1869	3781
1872	3139
1874	1423
1877	1913
1878	3035
1879	1379
1879	4987
1879	77
1879	999
1881	358
1882	4572
1882	870
1883	3463
1883	2505
1884	2143
1885	1912
1887	1564
1887	4616
1887	2521
1888	72
1890	2029
1890	3933
1895	2353
1895	2485
1896	740
1897	4878
1898	690
1899	3055
1899	615
1899	154
1900	4129
1900	832
1900	4781
1901	1860
1902	2538
1902	3516
1903	617
1904	4408
1904	3635
1905	1619
1907	3402
1908	3299
1909	336
1909	2426
1910	2040
1910	3549
1912	3308
1912	1666
1912	1668
1912	987
1912	2781
1913	3821
1914	4558
1915	3126
1915	4518
1915	1413
1916	1323
1918	2723
1920	593
1921	652
1922	4856
1923	4311
1924	2891
1924	3149
1926	1462
1928	127
1929	2948
1929	1420
1930	3121
1930	3919
1933	3093
1937	3977
1938	997
1938	3474
1940	3437
1941	3768
1943	3432
1943	902
1943	235
1943	1292
1944	4974
1944	2069
1945	419
1946	4022
1947	512
1947	453
1949	4407
1949	1641
1950	2447
1953	4815
1954	4600
1957	1032
1958	4388
1959	3738
1959	2581
1960	4778
1961	4411
1962	1165
1963	3690
1964	232
1966	2339
1967	1389
1967	4604
1970	2785
1970	4684
1972	877
1973	1395
1976	3235
1977	2132
1977	2996
1980	2858
1983	1885
1985	650
1986	685
1987	538
1988	3250
1988	2882
1989	2867
1992	4546
1994	1057
1994	2012
1994	3941
1994	1822
1994	2608
1994	1834
1996	1627
1996	2329
1996	1336
1997	4203
1998	3153
1998	3488
1999	4622
1999	4838
2000	536
2002	2716
2002	363
2002	1695
2003	4253
2003	2112
2004	1076
2006	2055
2006	122
2008	3406
2008	1099
2008	4859
2016	1586
2016	2420
2018	3688
2018	4224
2019	2243
2019	427
2022	4970
2022	4784
2022	4146
2023	312
2024	2311
2025	3845
2028	891
2028	456
2028	3198
2030	2938
2030	2197
2031	2126
2032	3315
2034	3541
2034	646
2035	3082
2035	2323
2036	214
2036	1415
2036	3173
2037	1556
2038	3185
2040	4881
2040	3529
2040	694
2045	2913
2046	1787
2046	1714
2047	3774
2047	1116
2047	425
2047	2443
2048	4220
2048	3656
2048	4919
2049	3396
2055	2576
2055	4453
2056	701
2056	466
2059	1956
2059	4413
2059	3600
2060	3510
2061	3813
2063	3581
2063	614
2065	561
2065	2411
2066	147
2066	4386
2067	3284
2067	2544
2067	4732
2068	2788
2068	2334
2068	1841
2069	3906
2069	350
2073	868
2075	2475
2075	1424
2075	2691
2076	2618
2079	1994
2079	3948
2080	3206
2080	3923
2081	4338
2081	2131
2081	2304
2081	4029
2083	2871
2085	1859
2085	2666
2085	218
2085	2951
2085	2977
2085	4389
2086	2580
2087	128
2089	1075
2090	2944
2092	577
2093	1332
2094	3733
2094	1710
2094	873
2095	3522
2096	2585
2097	46
2098	305
2098	3060
2098	2465
2099	4357
2100	3245
2102	1322
2102	495
2104	871
2106	4899
2106	1932
2107	2212
2111	2380
2112	4834
2113	2987
2114	802
2114	4447
2117	4427
2118	2842
2119	3500
2121	1163
2122	1047
2123	4096
2124	116
2125	3788
2125	2233
2126	4906
2126	786
2127	4841
2127	3659
2127	3978
2128	1827
2128	1193
2128	1093
2131	2179
2135	4992
2135	3266
2136	4924
2138	2540
2140	1687
2141	2942
2141	932
2142	1170
2145	3131
2147	731
2147	196
2148	1089
2148	4955
2148	3031
2149	53
2149	3931
2150	3372
2152	2864
2152	4374
2154	4054
2155	4281
2156	4400
2156	1974
2158	2403
2158	3602
2160	3942
2162	4590
2162	1927
2163	563
2163	2501
2163	3332
2164	755
2166	1614
2166	3701
2167	2474
2167	4376
2168	4213
2168	211
2171	2161
2173	2009
2173	4056
2174	35
2174	4377
2176	2125
2178	2174
2178	2736
2179	3421
2179	1133
2180	488
2182	4494
2182	2782
2184	2695
2184	1566
2185	3723
2188	3578
2190	125
2193	4868
2196	3400
2197	4222
2199	3415
2200	2177
2201	2658
2201	514
2202	2572
2203	4638
2203	1151
2205	4151
2205	1733
2208	3909
2212	2186
2212	2442
2213	2188
2216	4308
2218	3731
2219	3487
2219	610
2221	3269
2221	440
2221	4340
2223	4184
2224	3498
2225	3740
2225	1678
2227	1402
2229	901
2230	1634
2230	2464
2232	1793
2233	939
2234	3089
2235	1278
2237	251
2237	4900
2238	102
2238	833
2238	4031
2239	3803
2241	1310
2242	4977
2243	3265
2244	2049
2244	1535
2245	2435
2245	3015
2245	1898
2245	1275
2246	354
2247	2355
2247	4177
2247	1428
2248	3445
2248	2798
2249	4975
2250	1209
2250	3041
2251	34
2252	2772
2252	765
2253	4488
2254	3163
2256	838
2256	4362
2257	4445
2258	550
2258	3143
2260	2368
2261	851
2262	897
2262	4984
2262	761
2263	2743
2264	3073
2265	589
2265	3689
2266	1290
2266	3216
2266	1281
2267	595
2270	3881
2271	4674
2271	809
2271	2592
2272	3263
2272	3257
2273	498
2279	4373
2281	244
2281	73
2282	3239
2284	2860
2284	4003
2284	1121
2285	2856
2286	455
2287	104
2289	1086
2289	1826
2290	303
2290	1177
2291	4195
2293	771
2295	2349
2298	780
2299	2921
2299	2087
2300	1966
2302	909
2302	878
2302	3972
2304	4570
2304	521
2305	285
2307	4817
2309	4932
2309	3189
2309	763
2309	3905
2309	2483
2311	3457
2311	327
2311	2110
2313	722
2314	3453
2315	3116
2316	4095
2320	4724
2321	1470
2322	4416
2322	254
2325	4954
2327	241
2327	4228
2330	2574
2331	2370
2331	388
2332	1485
2339	1652
2340	974
2340	4463
2341	272
2342	2599
2343	4950
2344	4225
2344	4165
2345	1895
2347	4708
2347	136
2348	2725
2348	2107
2350	4147
2350	3804
2353	323
2354	3877
2354	682
2354	2941
2355	1220
2355	4751
2356	2902
2357	4370
2359	2247
2361	900
2362	4705
2362	3954
2363	4
2366	293
2366	4967
2367	3604
2368	3233
2369	850
2370	1997
2371	1774
2371	1144
2372	1599
2375	3534
2376	3953
2379	2511
2379	1365
2380	3736
2381	2024
2381	2305
2381	3413
2382	4980
2382	3979
2382	4312
2383	24
2384	3440
2384	1459
2384	1548
2385	4887
2386	78
2386	4171
2388	2611
2388	3664
2388	111
2391	2030
2391	4205
2392	2999
2392	48
2393	693
2393	362
2394	2613
2394	1486
2395	1406
2396	4323
2397	1633
2399	2970
2399	1524
2399	1537
2399	799
2400	2932
2401	130
2402	863
2404	4503
2406	920
2408	2303
2411	954
2411	1999
2411	4309
2412	4553
2412	1518
2413	629
2413	1149
2416	2159
2416	2569
2416	2824
2417	3219
2418	2689
2418	2552
2418	1689
2419	4757
2423	3971
2425	1184
2426	716
2426	3663
2427	708
2429	2430
2429	3353
2429	3098
2429	339
2429	733
2429	3024
2431	2231
2432	4667
2433	4021
2434	444
2434	4917
2436	4457
2438	3585
2438	3151
2440	3892
2440	2972
2441	1179
2442	3451
2443	361
2444	3397
2446	3846
2447	523
2449	1765
2457	3355
2457	4726
2457	2517
2458	2714
2458	2784
2458	4711
2459	1938
2460	1702
2460	1616
2462	189
2462	2846
2463	1513
2464	4398
2464	1277
2464	2388
2465	3467
2465	4390
2465	2744
2466	4196
2466	1865
2467	4256
2467	2752
2468	3301
2468	1523
2468	4681
2469	375
2469	3304
2470	501
2471	525
2471	993
2471	688
2472	1046
2473	1410
2473	1763
2474	2637
2474	369
2476	3943
2477	3412
2478	4979
2478	4041
2479	1481
2479	1197
2481	4599
2481	3003
2483	2644
2485	738
2485	2237
2485	1988
2485	515
2485	1295
2486	2219
2487	3956
2487	922
2487	3818
2490	2119
2491	3214
2491	3646
2491	930
2494	4068
2497	1429
2498	4330
2499	4019
2499	2633
2499	2989
2499	1721
2500	3334
2500	4790
2501	1203
2502	2663
2503	4364
2504	2236
2508	4910
2508	2377
2509	2093
2510	776
2511	4615
2511	3727
2511	3106
2513	1211
2513	3945
2513	959
2514	1801
2516	1958
2518	4130
2519	1037
2519	3080
2520	2515
2522	1863
2525	1091
2526	3560
2526	2032
2527	3744
2527	3557
2528	633
2528	1575
2529	886
2530	3873
2532	1603
2533	1945
2535	2080
2535	1812
2536	1504
2536	178
2536	3002
2537	924
2537	598
2537	1743
2539	707
2540	3197
2540	2309
2540	3601
2541	4451
2541	1383
2542	1039
2544	3321
2544	1237
2545	2221
2548	4498
2550	4603
2550	4820
2551	4351
2551	3630
2552	1783
2552	4395
2553	4621
2553	1527
2553	3115
2555	2602
2556	644
2556	2949
2557	2923
2558	3427
2559	3212
2559	4706
2559	4839
2559	233
2560	2194
2562	2316
2564	1749
2564	4379
2564	4951
2566	611
2566	2548
2568	2291
2569	4989
2570	2914
2572	4758
2572	2578
2574	4532
2575	3224
2575	3526
2575	3855
2576	2985
2577	3751
2577	165
2579	3137
2582	2258
2582	3883
2583	680
2583	3980
2583	3325
2585	2414
2585	4442
2586	311
2586	1132
2587	4456
2588	2384
2590	4973
2591	1874
2593	950
2593	859
2595	2677
2595	4076
2596	2493
2597	1343
2597	4830
2597	2106
2597	4241
2599	4278
2602	221
2603	70
2603	3807
2603	2285
2604	4587
2604	642
2606	2344
2609	1266
2609	1439
2610	344
2611	590
2612	258
2613	248
2614	4113
2615	2232
2615	3127
2615	4858
2616	568
2616	2820
2616	4316
2617	1187
2621	2945
2624	1511
2625	2835
2626	4756
2626	4450
2626	56
2627	2862
2627	864
2630	3847
2632	3912
2633	810
2633	962
2634	2738
2636	3282
2636	3422
2637	4423
2638	934
2639	413
2640	4101
2642	814
2642	2387
2647	2011
2648	1585
2648	3478
2648	2630
2649	1150
2650	916
2651	3379
2651	115
2653	1591
2654	2591
2654	4591
2654	351
2655	1028
2656	4329
2657	3111
2660	1392
2660	439
2662	4042
2662	360
2663	2262
2665	557
2666	4409
2666	631
2666	834
2669	269
2669	2911
2671	4410
2672	554
2672	3907
2674	2028
2674	860
2674	4500
2675	4765
2676	1064
2677	2298
2677	4789
2678	7
2678	1166
2679	4304
2679	2109
2680	3574
2680	989
2681	2038
2682	4251
2683	4440
2683	2727
2686	1805
2688	790
2688	1268
2688	1512
2689	4258
2689	4767
2689	2667
2690	854
2690	1553
2693	1924
2695	3249
2696	1944
2697	4632
2698	148
2698	4461
2698	483
2699	942
2700	2682
2701	1123
2702	3356
2703	2950
2704	1630
2705	1514
2706	3382
2709	3090
2710	3963
2711	2238
2712	2446
2712	4710
2714	2379
2714	1070
2714	1838
2714	1572
2714	1273
2714	2775
2717	2312
2717	1476
2719	3076
2719	1009
2719	746
2719	1169
2720	2415
2720	1142
2721	207
2723	1394
2723	1610
2723	1339
2725	3579
2725	1314
2725	1897
2725	3964
2726	3795
2727	3520
2728	907
2728	925
2728	1232
2729	2393
2729	3061
2732	2958
2733	491
2733	1097
2733	1450
2733	2868
2734	4007
2734	21
2734	1622
2735	2940
2736	588
2736	1370
2736	4754
2736	4025
2738	1901
2738	3452
2738	1053
2738	1906
2739	4234
2744	4901
2748	3340
2749	4698
2751	1657
2753	365
2753	3071
2754	3714
2754	124
2755	4276
2756	4207
2756	1559
2756	1418
2757	2748
2757	4513
2760	3261
2762	4504
2763	3859
2764	4658
2764	1447
2765	4690
2767	2619
2768	1794
2769	4875
2769	1352
2772	4017
2773	1198
2774	2242
2775	2660
2775	3998
2777	4123
2778	2340
2779	1432
2779	2571
2780	970
2780	3359
2780	4049
2780	1443
2781	109
2781	4655
2781	4226
2781	157
2784	1939
2786	4051
2786	4275
2788	968
2788	2218
2792	2917
2794	2170
2794	1204
2795	1946
2797	3715
2797	1592
2799	3761
2800	2360
2801	3050
2801	3345
2804	83
2804	2869
2805	4048
2805	3429
2807	798
2807	555
2809	3828
2809	1625
2811	1468
2811	1254
2813	2492
2813	3939
2813	2022
2814	3730
2815	4937
2815	101
2815	3829
2816	1312
2816	4363
2818	1224
2818	4703
2820	2203
2821	4931
2822	340
2822	4268
2822	3092
2823	3792
2826	2900
2827	4530
2828	4968
2828	4812
2829	1264
2829	2273
2829	3989
2830	567
2833	2776
2834	2997
2834	210
2835	2973
2835	4272
2837	1416
2838	3532
2838	3468
2840	57
2840	478
2842	1977
2843	1909
2847	3280
2851	654
2854	988
2854	3136
2854	2778
2855	3385
2858	2968
2859	3624
2860	3897
2861	2064
2861	1361
2862	448
2862	4686
2862	4807
2863	1241
2864	1015
2865	3476
2865	4666
2865	4070
2866	3434
2869	4740
2872	1659
2872	4511
2873	2826
2874	407
2878	639
2880	4800
2881	4083
2881	1952
2882	943
2882	4143
2883	4324
2886	3696
2887	4313
2887	3996
2887	4471
2888	392
2889	4670
2897	4229
2900	1302
2902	49
2903	4614
2903	461
2905	3386
2907	613
2908	651
2908	2556
2909	1242
2910	3096
2910	1701
2911	867
2912	262
2913	2967
2916	418
2917	1991
2917	4424
2920	3973
2921	3936
2921	4715
2925	44
2925	2770
2925	2568
2926	4915
2927	306
2929	3538
2932	2805
2933	580
2933	3505
2934	794
2935	2811
2937	2070
2937	1449
2938	1280
2940	4397
2943	2935
2943	1813
2948	4166
2948	3381
2950	201
2950	2419
2951	4816
2951	3841
2952	4888
2952	4333
2952	4176
2952	1253
2955	1045
2956	3258
2956	3178
2957	4794
2957	603
2958	793
2958	3377
2960	1285
2961	3764
2962	3018
2962	1129
2963	2294
2965	1515
2966	3612
2967	4598
2968	2102
2968	3431
2970	4396
2971	4525
2971	2974
2973	3042
2973	2155
2974	1555
2976	3162
2976	67
2976	528
2978	4528
2979	446
2980	4788
2980	203
2983	2843
2984	4066
2986	1098
2986	3243
2987	2104
2987	1377
2988	192
2989	1252
2989	3462
2990	3481
2990	1452
2992	140
2994	2694
2994	3477
2995	1005
2998	4235
3001	1190
3001	1643
3003	1183
3003	4446
3003	4896
3003	1550
3004	4539
3005	3568
3006	163
3007	748
3007	3808
3007	3007
3008	4119
3008	4933
3009	3679
3009	318
3011	1022
3011	2646
3014	3509
3017	1496
3018	2062
3021	1400
3023	3722
3023	4345
3024	1341
3024	4181
3025	3279
3026	2165
3026	3311
3026	2620
3030	1063
3031	4574
3032	1493
3033	1042
3037	114
3038	1539
3039	1708
3039	634
3040	1740
3041	1196
3042	933
3043	4986
3044	1770
3044	4876
3046	3347
3047	4826
3047	3949
3047	3271
3053	3438
3055	1375
3056	4972
3056	4639
3060	2489
3061	2449
3062	338
3063	3539
3064	3490
3064	9
3065	25
3065	1446
3065	2943
3066	811
3067	3823
3068	4923
3069	804
3070	2351
3071	150
3072	830
3073	1155
3074	1954
3075	4912
3075	2
3076	4623
3076	2937
3077	4780
3079	3376
3081	719
3081	3957
3085	4039
3086	773
3086	995
3087	4651
3087	2448
3089	1344
3091	82
3093	3262
3095	3420
3095	635
3096	1739
3096	1761
3097	4547
3098	4271
3099	659
3101	4509
3103	1836
3104	3
3105	3289
3107	2140
3107	2513
3108	1417
3111	4435
3112	3934
3113	1062
3114	2865
3115	2039
3115	1651
3117	4104
3118	558
3120	772
3120	4720
3121	1239
3122	2797
3123	4243
3123	1139
3125	2909
3126	3156
3128	3348
3133	2042
3133	276
3136	4189
3139	398
3140	4071
3140	3335
3141	1474
3142	1962
3142	766
3143	1748
3143	1159
3144	4654
3144	1051
3144	288
3145	2952
3145	3507
3149	2013
3149	2041
3152	1247
3154	4169
3156	4428
3156	4568
3157	1635
3160	556
3160	2224
3162	2712
3163	3525
3164	234
3165	1943
3167	4799
3167	1117
3168	3324
3168	4232
3170	3965
3170	4907
3171	770
3172	85
3172	2272
3172	728
3173	4011
3173	938
3173	2827
3175	3333
3176	4050
3179	1134
3184	1223
3185	2297
3186	4988
3188	2761
3189	1003
3190	702
3190	1293
3191	4057
3192	1632
3193	1445
3196	2162
3196	2803
3197	4531
3201	3556
3201	844
3205	1806
3208	2484
3209	2583
3210	4641
3210	1692
3212	1815
3215	4266
3216	2579
3218	1422
3219	531
3221	1602
3221	2866
3222	3812
3222	4294
3223	1561
3223	3499
3223	1562
3225	2084
3226	4537
3227	2786
3227	3913
3228	1889
3230	3650
3231	223
3232	1146
3235	484
3238	4866
3238	978
3241	1741
3241	727
3242	4043
3244	3623
3244	3186
3245	3831
3245	4563
3246	107
3246	1849
3247	3777
3248	2702
3248	2287
3249	1925
3250	2063
3252	4192
3254	973
3255	3783
3257	4264
3259	4118
3260	4831
3260	3371
3260	2854
3261	4982
3261	856
3262	4761
3262	2286
3265	3703
3265	753
3265	5
3265	3785
3267	359
3267	4475
3268	3306
3268	4024
3271	3651
3272	4110
3272	2117
3272	1980
3272	4002
3274	4466
3274	4853
3278	1864
3280	2206
3280	4957
3283	273
3283	732
3285	817
3285	1374
3286	3297
3286	2025
3286	972
3287	2768
3287	4182
3288	76
3288	199
3290	3244
3290	4122
3291	2168
3291	2281
3291	1309
3294	564
3294	1082
3295	4801
3295	2520
3295	3661
3298	3461
3299	2678
3299	4460
3301	3051
3302	297
3303	1746
3304	3755
3306	372
3306	3183
3306	1200
3308	337
3308	3398
3310	2504
3310	4267
3310	1250
3311	4620
3312	1502
3314	1727
3314	2750
3314	3741
3316	4733
3317	883
3317	3826
3318	2099
3319	3876
3320	2268
3320	4934
3322	1040
3323	2789
3323	3475
3324	3653
3325	3735
3325	3275
3327	1503
3330	2518
3336	3169
3339	783
3339	4916
3340	1390
3341	2528
3343	309
3345	3006
3347	1119
3350	3619
3351	957
3351	373
3353	1067
3353	4454
3354	4185
3355	3221
3356	4170
3356	168
3360	4782
3360	3940
3363	326
3363	3523
3363	3514
3363	1611
3366	991
3368	994
3369	1507
3373	3633
3375	3853
3377	2290
3380	1750
3380	2760
3380	3277
3381	946
3381	4187
3382	1961
3386	1027
3386	4172
3387	4940
3388	2713
3388	981
3389	4883
3390	660
3391	904
3392	2708
3392	26
3392	1234
3394	1809
3394	1031
3395	3922
3396	3182
3396	1922
3397	4894
3398	3708
3398	4091
3401	1833
3401	2121
3402	4538
3402	676
3404	1823
3404	4432
3405	4679
3405	3494
3406	2605
3407	3403
3407	3550
3409	831
3410	4141
3411	2036
3412	1618
3412	543
3413	3036
3414	2095
3414	678
3416	355
3416	2643
3418	724
3419	1113
3420	117
3423	4579
3425	1843
3425	1238
3426	1489
3426	93
3426	95
3428	2072
3428	2193
3429	3992
3429	1992
3432	449
3432	4773
3432	4438
3435	1902
3437	1325
3438	1216
3440	1519
3440	4803
3441	4544
3441	504
3441	4846
3444	2853
3445	313
3445	3058
3446	1621
3447	1199
3448	4245
3448	3898
3449	2261
3450	2216
3452	2425
3453	2173
3453	4847
3453	1219
3455	1308
3455	3484
3456	1296
3456	645
3461	3932
3462	2437
3463	2324
3466	3133
3469	4627
3474	1283
3475	3838
3475	3647
3475	3037
3475	691
3475	368
3478	2700
3478	3087
3479	2288
3480	352
3481	1482
3481	475
3482	1388
3483	1875
3485	4425
3487	4116
3488	45
3488	3593
3489	4593
3490	1623
3491	2113
3491	1501
3491	1959
3491	3210
3491	1752
3492	2610
3496	1680
3497	316
3497	2604
3499	2075
3501	824
3501	279
3505	1970
3505	54
3508	3230
3509	1754
3510	1775
3510	1590
3510	1811
3510	257
3514	1315
3514	3921
3516	545
3516	4657
3518	1466
3518	4431
3521	4697
3521	4479
3521	4328
3521	4164
3522	1069
3522	1797
3523	4762
3526	2390
3527	3350
3527	2251
3528	675
3528	121
3529	1617
3529	665
3530	4394
3530	301
3531	3025
3533	1440
3533	4683
3535	4218
3540	4779
3540	819
3541	33
3541	3404
3543	1723
3544	4661
3544	2711
3545	2372
3546	992
3546	3896
3547	2536
3548	3019
3548	565
3548	65
3549	2019
3549	304
3550	399
3551	454
3551	3365
3554	4306
3557	3497
3557	2621
3557	1734
3558	4121
3558	3278
3560	2737
3562	1738
3563	2851
3564	896
3565	3929
3570	2822
3572	2338
3573	3930
3573	2506
3573	575
3573	4227
3576	2450
3578	3576
3579	1583
3579	1307
3580	1202
3580	1094
3581	2962
3581	2490
3585	1025
3586	1905
3586	15
3587	1291
3588	298
3589	4406
3590	947
3595	4849
3595	432
3596	3043
3596	1441
3596	3571
3597	1050
3597	2326
3599	986
3599	4144
3600	1653
3602	1225
3602	1258
3602	4569
3603	3712
3606	1351
3606	2148
3607	3976
3607	2998
3608	2256
3609	1475
3614	4952
3614	573
3615	3636
3616	1729
3619	38
3620	3904
3620	176
3621	4378
3621	3947
3624	2137
3625	1781
3625	2531
3627	3862
3627	3582
3628	1654
3629	376
3630	1111
3632	250
3632	4087
3632	706
3634	699
3634	1753
3636	2816
3638	3045
3640	3410
3642	1305
3644	4097
3645	3839
3645	4898
3647	3521
3647	3924
3648	1551
3652	592
3652	415
3653	468
3654	1582
3656	2654
3658	75
3659	4180
3660	4368
3660	2160
3661	268
3661	537
3661	4793
3662	637
3663	3758
3665	242
3669	3737
3669	1778
3672	2394
3673	3011
3673	151
3674	3870
3674	2476
3674	520
3675	3927
3675	3662
3676	911
3677	2898
3681	1755
3682	182
3683	4047
3686	1893
3687	3726
3689	4643
3689	604
3689	3861
3693	2065
3694	4797
3694	3195
3695	487
3700	880
3702	2481
3706	4631
3709	2357
3709	4583
3710	2358
3712	905
3714	308
3714	3658
3716	2026
3718	1677
3719	4662
3720	4105
3720	1137
3720	908
3721	4307
3722	183
3722	47
3722	1784
3724	3187
3725	3272
3726	2145
3729	1871
3729	2852
3730	1978
3730	3872
3731	1716
3731	240
3732	3739
3733	559
3733	2278
3733	1639
3737	3120
3737	2635
3738	2227
3739	219
3740	4484
3742	910
3743	1807
3747	2079
3750	2724
3753	4300
3754	4108
3754	574
3756	2747
3757	43
3757	1869
3757	3447
3759	1568
3760	4749
3762	505
3762	2076
3762	2895
3763	4430
3764	348
3764	2650
3764	4675
3765	1272
3770	3305
3770	931
3771	1648
3773	2697
3773	2275
3773	587
3774	2920
3776	696
3776	3586
3776	334
3778	3471
3778	91
3779	1194
3781	3545
3782	1758
3783	3666
3786	1346
3787	2178
3789	4014
3791	4768
3792	2347
3792	2158
3793	2560
3793	4339
3794	1243
3795	3778
3795	4009
3797	3057
3798	1607
3798	2463
3799	4280
3803	551
3805	1016
3805	1287
3807	4845
3808	2910
3808	2057
3809	4090
3809	2616
3812	2241
3813	3174
3816	4058
3816	2839
3818	3832
3819	612
3819	2183
3821	2721
3822	2382
3824	4995
3824	1127
3828	2959
3829	516
3829	836
3830	377
3830	4026
3830	3290
3830	1670
3831	2363
3833	3820
3834	3552
3836	4842
3837	2401
3840	3598
3841	1540
3842	2815
3849	1236
3850	1491
3854	2889
3855	3470
3856	3291
3857	3329
3857	1059
3859	1694
3859	2279
3860	3405
3862	98
3863	13
3866	1464
3866	2149
3870	3255
3871	1297
3872	294
3873	3300
3874	1213
3875	3346
3877	4102
3877	317
3877	4341
3878	1703
3879	3951
3881	606
3881	4193
3882	884
3882	1340
3883	3196
3883	1947
3884	1976
3886	2916
3886	3519
3888	2525
3891	1850
3891	4709
3892	3030
3895	4501
3895	1951
3896	2138
3901	4163
3902	2801
3904	2509
3904	3464
3905	4925
3906	4346
3907	3256
3908	435
3910	4344
3910	89
3911	2516
3911	180
3911	747
3912	1700
3916	4904
3917	3368
3919	3565
3922	4737
3924	4441
3924	609
3925	4908
3926	4314
3927	3157
3928	1301
3929	1387
3932	2837
3935	357
3937	1596
3937	4126
3939	3237
3941	1103
3942	2299
3943	4412
3944	3910
3947	4541
3947	2524
3947	1982
3950	4656
3953	1437
3954	4490
3955	4804
3957	2235
3958	4472
3959	1483
3960	4483
3961	643
3962	1747
3964	3203
3964	2089
3965	2802
3966	23
3967	979
3967	714
3968	4480
3968	4212
3970	3232
3972	146
3973	4963
3974	1955
3975	3424
3975	1143
3975	4439
3975	270
3976	3479
3977	4946
3979	2217
3980	937
3980	3077
3982	3357
3990	3443
3990	976
3992	1762
3992	4478
3993	215
3994	3473
3995	3734
3995	4565
3996	1928
3997	3231
3999	2381
4000	1686
4001	1593
4002	3773
4002	1136
4003	3118
4003	2115
4004	1996
4005	918
4005	4668
4006	2915
4006	1933
4008	1549
4009	2799
4009	3732
4011	3213
4012	4216
4012	2551
4012	403
4014	4576
4016	300
4018	1128
4018	2877
4019	4559
4020	2265
4022	227
4024	919
4024	1731
4025	4990
4025	1087
4025	3570
4026	2535
4027	1552
4027	4731
4027	655
4027	4685
4028	2088
4028	1350
4031	4928
4032	705
4034	3100
4035	2101
4036	2662
4036	3134
4037	3167
4037	3001
4038	2971
4039	2657
4041	2774
4043	1382
4043	2096
4043	2615
4044	247
4045	3012
4046	807
4047	1697
4048	195
4048	4317
4051	1357
4051	295
4053	1
4053	1768
4056	952
4057	52
4060	2254
4061	636
4062	4960
4062	4739
4064	3172
4067	2097
4068	1021
4069	2927
4069	2994
4076	4319
4076	3327
4077	2034
4078	4672
4080	4693
4081	2466
4082	2181
4082	4660
4082	1289
4083	1656
4083	3234
4085	4682
4085	1649
4086	544
4086	2337
4090	2204
4092	3009
4092	3201
4092	1085
4093	3617
4094	2681
4094	1681
4097	4383
4097	2230
4099	2440
4099	2431
4099	3466
4100	4886
4100	1363
4102	4135
4103	1498
4103	2354
4104	2284
4104	4263
4105	3226
4106	4436
4108	3622
4108	4279
4109	4199
4110	2488
4110	280
4111	2293
4112	1735
4113	492
4113	4233
4116	2575
4117	4610
4117	3352
4117	935
4118	1705
4119	3772
4119	4140
4121	4455
4122	4829
4122	4611
4122	3129
4123	264
4125	1604
4126	1055
4127	2283
4130	1667
4130	1808
4131	3535
4131	3175
4132	4335
4132	1398
4132	816
4133	4712
4134	2740
4134	3433
4139	3893
4140	4085
4140	2791
4142	3797
4142	3113
4143	2879
4144	2698
4144	848
4145	4310
4146	2157
4150	315
4151	953
4152	2111
4153	3363
4155	4889
4157	3465
4159	3819
4159	3606
4163	3857
4163	4857
4164	1433
4164	2142
4165	1188
4165	1175
4166	3021
4167	2532
4169	3423
4169	3501
4170	4136
4170	977
4170	3150
4172	3638
4173	4012
4173	2735
4174	3070
4176	3062
4179	3342
4180	1918
4180	769
4181	4771
4182	2375
4183	3986
4184	378
4184	1084
4185	1092
4185	3700
4185	2295
4185	225
4189	3628
4191	1235
4191	1298
4193	4459
4194	4618
4194	4575
4195	602
4195	4523
4198	956
4202	778
4202	465
4202	2209
4205	3805
4208	3202
4209	4640
4210	1442
4211	965
4211	4237
4213	3102
4214	3164
4214	292
4214	3459
4216	3181
4218	502
4219	4028
4220	713
4223	4393
4223	4365
4223	1609
4224	1041
4224	3884
4224	391
4225	4206
4227	3469
4230	4088
4233	3891
4234	3639
4234	289
4234	1095
4235	166
4236	718
4238	4760
4238	37
4239	1631
4240	2409
4240	4301
4242	777
4250	4994
4250	3592
4253	3814
4256	2707
4257	4769
4261	1907
4262	4827
4263	60
4264	1161
4265	2341
4266	2804
4266	3856
4267	4872
4270	3607
4270	4191
4270	915
4271	4402
4271	2986
4272	3632
4273	3771
4273	2904
4275	4895
4275	3594
4276	2687
4277	1228
4277	1118
4281	648
4281	2185
4281	1299
4285	2220
4285	3145
4285	2184
4286	2413
4287	2175
4287	4738
4287	4265
4291	684
4292	3492
4293	620
4293	710
4293	1029
4295	3190
4295	3725
4298	3419
4298	2726
4301	3674
4301	4785
4303	3066
4303	4288
4304	509
4304	2399
4305	658
4307	1800
4309	2050
4311	1969
4311	496
4314	3742
4314	1931
4317	2289
4317	3752
4317	1261
4318	2477
4324	36
4325	3705
4326	4013
4326	4536
4327	1412
4327	1347
4331	123
4333	3294
4334	3184
4335	1007
4336	586
4337	2683
4337	3902
4340	751
4340	4174
4341	4694
4342	3871
4342	2734
4342	1017
4342	944
4342	2742
4342	1832
4344	4939
4344	1744
4345	2899
4346	2976
4347	1380
4347	3112
4348	1655
4349	674
4350	3028
4351	2154
4352	4274
4353	1908
4355	2793
4356	4262
4357	343
4357	3596
4359	1458
4362	1180
4363	608
4365	1760
4367	3046
4371	1334
4372	3950
4373	1664
4373	818
4373	2690
4374	1620
4375	2888
4376	160
4377	3229
4377	4385
4377	3088
4377	3140
4381	622
4381	3179
4383	4426
4384	1313
4384	4956
4387	1208
4387	1052
4388	2005
4389	2456
4389	4139
4390	4608
4391	4763
4394	4231
4394	4391
4395	3436
4396	2398
4397	79
4399	3313
4400	1356
4400	4630
4401	3952
4401	2766
4402	387
4403	1013
4405	2048
4407	3511
4410	4642
4411	395
4411	55
4411	2817
4414	2728
4414	2434
4414	2266
4415	898
4415	2603
4415	4125
4416	835
4417	1567
4417	1455
4418	1176
4419	2073
4419	2703
4419	411
4425	4645
4425	2812
4427	282
4428	4529
4432	4350
4432	3928
4434	1074
4436	3384
4437	174
4437	188
4437	2129
4438	3874
4438	3482
4438	1792
4439	955
4440	3668
4444	1685
4446	4840
4446	2133
4446	4885
4447	1950
4447	4030
4448	721
4450	2059
4451	2201
4452	1360
4452	1576
4453	2462
4458	3868
4460	426
4461	2269
4461	4353
4462	3064
4462	2047
4462	2331
4462	4814
4463	144
4469	2147
4470	159
4470	3754
4472	687
4473	4629
4473	1173
4473	4871
4474	1757
4475	3779
4475	4867
4476	4723
4477	2656
4478	2588
4480	3039
4480	4254
4480	2729
4480	12
4482	4792
4482	3959
4483	4493
4484	3367
4484	1286
4485	4851
4485	3767
4486	1690
4492	4382
4492	1543
4496	231
4497	1484
4499	499
4500	493
4502	1430
4504	3288
4507	2653
4509	197
4513	2855
4515	4491
4516	1964
4516	1038
4518	3138
4518	1072
4519	579
4520	692
4521	2541
4527	139
4527	784
4529	447
4531	2651
4532	1012
4533	143
4535	4198
4535	2795
4536	1707
4536	1321
4538	1975
4538	2313
4539	3621
4540	1454
4540	4387
4541	4766
4541	4318
4541	51
4542	4526
4543	4958
4544	4371
4544	3000
4546	2164
4547	4517
4547	3531
4548	325
4549	1683
4553	4577
4554	2963
4555	2570
4557	4805
4557	4153
4558	1152
4558	2918
4559	2214
4560	131
4562	2834
4562	4073
4563	2686
4566	889
4568	410
4568	152
4569	3716
4570	341
4570	2432
4572	3801
4572	1101
4573	3710
4574	4437
4575	2508
4576	711
4576	2792
4576	800
4577	2267
4578	1638
4580	4777
4581	3987
4583	2467
4583	2557
4583	1645
4584	3084
4584	2836
4586	2859
4594	4786
4594	2418
4595	3132
4595	3204
4598	2392
4598	2598
4599	2495
4600	1790
4601	281
4602	4735
4605	3652
4607	2764
4607	3614
4611	1887
4612	1077
4613	2503
4615	792
4615	3389
4615	2015
4616	1026
4618	2554
4619	2052
4620	2840
4624	1861
4625	1965
4625	4586
4628	4200
4628	2640
4629	2424
4630	19
4631	3692
4631	2559
4632	4555
4633	324
4634	712
4634	2875
4634	3753
4636	3254
4637	4082
4637	1490
4638	1995
4639	2928
4639	2693
4639	3428
4640	3669
4642	3276
4642	1879
4643	4747
4643	689
4644	193
4646	417
4648	827
4649	1646
4649	2710
4651	4000
4654	4219
4655	296
4655	4774
4655	3851
4656	1786
4657	4109
4659	3380
4659	3780
4660	717
4660	1819
4660	4065
4660	4089
4661	2773
4662	2037
4663	881
4664	2841
4665	2257
4668	1706
4668	1773
4669	2755
4671	1191
4672	208
4673	4008
4676	1108
4676	4005
4676	4142
4676	3672
4677	3914
4677	2200
4680	4321
4681	1816
4682	1006
4682	4470
4683	3047
4685	4127
4688	310
4689	1526
4689	3890
4691	438
4692	1979
4692	4422
4692	961
4692	2248
4694	206
4696	1957
4698	4158
4699	4873
4700	2366
4700	2196
4703	3135
4703	1888
4704	2061
4705	3684
4705	2880
4705	2627
4708	892
4708	980
4710	396
4710	4133
4711	4702
4711	346
4712	1104
4713	3228
4714	4772
4715	1682
4715	4131
4717	4798
4719	1245
4719	462
4719	4356
4720	1810
4721	928
4721	4961
4722	3707
4724	4100
4724	3693
4726	2397
4731	2445
4732	3880
4732	4392
4733	479
4733	2529
4734	4701
4737	3786
4739	2001
4739	1699
4742	2762
4742	3223
4742	607
4744	253
4744	3267
4745	4594
4746	4462
4748	3286
4748	2402
4752	1642
4753	3865
4753	695
4755	1926
4755	1767
4757	4833
4757	4911
4758	184
4759	424
4760	8
4764	1008
4764	2696
4764	2955
4768	4913
4768	849
4773	3572
4774	3589
4776	605
4777	429
4777	2893
4778	322
4779	2625
4779	421
4781	2114
4781	3834
4781	1279
4782	3798
4783	474
4783	275
4783	1891
4783	1427
4784	1500
4785	1335
4787	4573
4790	594
4790	3105
4790	1900
4791	4433
4791	1795
4792	1717
4793	1207
4795	3508
4796	584
4796	4230
4797	1263
4798	4880
4801	433
4802	1578
4804	2389
4804	2134
4807	4327
4807	4081
4807	4458
4808	500
4808	283
4809	3926
4810	2423
4813	4055
4815	662
4817	1658
4817	1873
4817	2908
4817	80
4818	3010
4818	1397
4820	4556
4820	467
4820	4691
4821	4201
4822	132
4825	4145
4827	4247
4830	2718
4830	1798
4830	3544
4833	1079
4834	3033
4836	1531
4838	653
4840	3370
4840	2460
4841	3969
4842	3360
4844	1505
4845	3270
4845	730
4848	39
4852	4566
4852	2315
4857	2225
4858	4953
4861	1414
4862	2332
4864	299
4864	3641
4866	2400
4866	3310
4866	3094
4868	893
4868	2704
4868	4571
4870	4746
4870	4325
4870	3177
4871	2954
4872	1883
4873	1662
4874	4652
4874	332
4877	840
4878	185
4878	3903
4879	4004
4880	845
4881	4060
4881	2319
4882	2806
4884	119
4884	1584
4884	787
4887	2733
4887	661
4888	1436
4889	624
4891	1328
4892	194
4894	1919
4894	757
4896	470
4897	1106
4897	1373
4900	3682
4901	524
4902	4734
4902	27
4902	3686
4902	1391
4905	3975
4907	370
4907	239
4909	2176
4909	1696
4910	2993
4912	1534
4913	382
4913	1520
4914	4884
4919	3711
4920	4359
4922	3074
4922	4477
4923	349
4926	1479
4927	2634
4927	3450
4928	2965
4928	1606
4931	4945
4932	527
4933	1993
4933	1899
4934	3765
4934	1675
4935	3168
4936	61
4936	4287
4937	1516
4938	927
4940	4015
4941	3806
4943	3159
4945	179
4947	1036
4948	3643
4949	2383
4950	3170
4951	4545
4951	2523
4952	677
4953	1115
4953	2031
4954	4635
4955	3627
4958	4744
4958	3573
4958	4592
4958	4468
4959	3528
4961	1842
4963	4384
4966	3864
4967	2195
4967	3444
4968	1461
4968	4094
4968	1499
4969	4186
4972	3719
4972	3543
4972	3211
4973	4132
4973	1138
4974	458
4975	1890
4977	485
4977	3766
4981	2060
4981	759
4982	4349
4983	1878
4984	4482
4987	532
4988	3147
4989	2564
4990	3713
4990	4843
4991	4283
4992	3296
4993	3724
4995	2680
4997	1221
4997	630
4999	2719
