0	1038
0	2358
1	369
1	4370
2	3859
3	6765
4	6859
5	1436
5	8310
5	8423
8	3759
8	469
10	1239
10	2234
10	6616
10	8779
11	6305
11	8460
11	1841
15	3584
17	581
18	3970
18	8925
20	176
20	4056
21	8683
22	3378
22	6945
22	7468
25	3626
25	3673
26	5437
27	1475
27	7154
28	769
28	9774
28	8782
29	7237
30	8376
32	8887
33	7415
33	7539
35	2502
36	5037
37	1813
39	314
39	742
41	1117
41	1781
41	1101
41	9738
42	576
42	3793
42	2139
43	4997
44	3583
45	3536
46	717
46	7779
47	286
47	1128
48	7917
52	2307
53	6152
53	7552
53	8470
54	2722
54	5303
55	3841
57	5647
58	1542
58	4060
58	9869
59	192
62	3767
64	25
64	3156
64	7717
64	3638
66	1105
66	8631
66	151
67	7949
68	3028
68	4312
69	1792
70	1290
70	3567
71	2212
73	9118
74	2802
74	7567
74	2862
75	434
75	1539
75	7561
76	5701
77	891
77	6972
78	2654
78	4557
78	1265
79	5159
80	2562
80	6831
80	9750
80	1347
81	7731
83	9
83	3059
83	6696
84	6592
85	4090
86	6507
86	6657
87	6857
91	3973
93	1833
93	5926
93	9337
93	2060
93	6431
94	1030
95	7923
97	2363
97	5059
98	6458
99	9910
101	2127
101	7472
101	771
102	5871
102	9332
103	1448
103	4487
104	2246
106	9423
107	658
107	1923
108	2961
110	9205
111	2199
112	3315
112	4946
112	7503
113	194
113	2168
113	2739
113	3982
113	2657
114	4593
115	5175
118	3445
118	6438
119	788
119	6157
123	466
123	940
123	1447
123	9816
123	3790
124	3391
124	7713
126	1360
127	6870
128	3825
128	9767
128	6640
130	764
130	3647
131	3422
131	6603
134	8481
135	8089
136	3528
137	6766
138	6599
139	12
139	6199
140	3590
140	6781
141	1091
143	6559
145	883
145	3089
145	5724
146	9536
147	1555
147	4944
148	9383
149	6466
149	7848
149	8561
150	1717
150	2314
150	5349
150	6101
152	6567
152	1937
153	3440
153	2596
154	2992
154	2995
155	3944
156	6788
158	4349
158	8041
159	1189
160	1102
160	6757
162	297
162	3203
162	7476
163	811
163	8567
163	6528
165	9132
166	1591
166	1788
167	1687
167	9217
168	6055
168	8961
168	6934
169	8147
170	7477
171	5836
172	1100
173	4728
173	9251
175	2415
175	9596
176	3948
177	1216
177	7637
178	1527
178	5920
178	563
179	1323
179	3547
179	7164
181	8720
182	2505
182	2821
182	4718
182	6520
182	8959
183	7309
186	6835
186	9583
188	7714
189	8331
190	1258
190	8148
191	2515
191	3287
193	3711
194	8464
195	421
196	2621
198	1134
198	2709
199	1271
201	6396
203	3263
204	6417
204	9372
207	8183
208	1259
211	6663
212	1064
212	7730
213	1642
213	2231
214	4926
214	9639
215	6641
216	4058
217	1435
217	5976
217	7835
219	3288
219	3902
220	2302
220	8746
221	532
221	8166
223	2158
223	2814
223	8087
224	3491
224	4390
224	8379
224	9568
225	9123
226	4294
227	3648
229	2946
229	5774
232	3067
232	5265
233	4047
234	1516
234	2149
234	665
234	1817
234	5427
236	8431
238	291
238	6195
239	4919
240	1926
240	2706
242	81
244	7406
246	4293
247	516
248	4215
249	2918
249	6645
250	854
250	1997
250	6058
250	8694
251	693
252	2177
252	5166
252	6007
253	8287
254	4113
254	4011
256	9981
257	2628
258	7125
258	8444
259	2310
260	2742
260	2154
261	363
261	8378
263	8284
263	3151
264	3594
265	4782
266	4908
267	8917
267	9462
268	9534
269	812
269	8498
270	0
272	1455
272	5810
273	7442
273	8604
274	6536
276	7326
277	6538
278	1011
278	3435
278	6893
279	8026
280	9821
281	7894
282	1492
283	7081
284	8757
287	4526
287	5117
287	9320
288	8605
289	5238
289	8399
289	7833
290	1246
291	7032
292	4917
292	9153
292	4347
292	8151
292	89
293	1941
293	2099
294	4
295	3706
295	7759
295	7995
296	481
296	2121
296	6427
296	8800
296	9752
298	5657
298	5910
298	7556
299	5496
300	5869
300	9255
301	8195
302	4464
304	1914
305	6263
306	2536
306	8459
307	9343
307	9881
308	2441
308	8356
309	7444
309	675
310	5189
310	8133
311	1010
312	3622
312	3659
313	5435
315	9095
316	4473
319	8873
320	375
320	5567
321	1298
322	4554
323	8760
324	579
324	7856
326	3962
326	2259
327	9858
329	6499
330	3297
332	4985
333	233
334	3076
334	6771
335	9691
336	1361
336	2921
336	3055
337	6393
338	5373
338	8527
339	2131
339	7529
342	4320
342	6768
342	9073
343	5481
344	9728
344	8152
344	3892
345	4771
345	8215
346	3234
346	4270
347	6093
347	6825
348	465
349	3684
349	6740
349	8966
351	4923
352	1480
352	1758
352	2592
352	1511
355	378
356	6449
358	8597
360	8558
361	6200
361	6637
362	158
363	3072
364	941
364	4042
365	6727
365	7448
366	8434
367	2668
367	9321
368	6615
368	6855
369	201
369	1658
369	2395
369	9064
369	1968
370	1769
371	9039
372	8709
373	2827
373	4693
374	4967
375	1600
375	1612
375	9045
377	1005
377	4227
377	5074
378	4147
379	289
379	355
381	54
381	4990
382	835
382	7258
383	1708
383	2582
385	888
385	1441
386	2291
386	3798
387	9870
389	8273
392	8068
392	9474
393	848
394	3953
395	1934
395	3593
395	6459
397	3650
397	6797
397	6823
399	1084
400	9699
402	7974
402	9103
404	3303
404	9289
404	9749
405	4361
405	5425
406	1850
406	2274
406	2523
406	9465
407	8676
408	6910
408	9430
408	6697
409	1342
409	1969
410	4262
410	8981
411	4247
412	2013
412	3604
414	4561
414	8711
416	4480
417	203
417	400
417	8437
418	3423
418	3490
418	8621
418	6595
419	2799
419	7581
423	3855
423	4296
423	5552
424	7669
426	612
427	6228
429	2447
429	9587
430	4013
431	2585
432	4117
433	7366
434	3581
434	5371
435	5566
435	8671
436	8931
437	3273
438	3839
438	7543
441	5925
442	9797
444	9705
445	2041
445	5607
445	7044
445	4322
446	489
447	4192
448	2167
448	4675
449	7994
449	9742
450	7832
450	8251
451	3262
451	8918
451	7661
452	7655
453	6077
454	9845
454	3428
455	9846
456	2892
457	1057
457	1704
459	8817
459	3681
460	4483
460	4683
461	7231
463	1304
463	7289
466	5350
466	7645
469	8067
469	8969
469	2837
469	5908
470	7119
470	9069
471	9740
472	7485
475	418
475	4496
479	433
479	3121
479	5986
480	5114
481	4991
481	6843
481	7895
482	2173
482	2124
483	5320
483	6062
484	685
485	8512
485	2617
486	222
487	2551
490	9463
491	8927
491	9572
495	7841
497	8173
498	6094
500	7904
500	5745
501	6628
503	1053
505	959
505	8783
506	4756
506	7159
506	9554
506	9866
507	1446
508	1122
508	3515
508	9190
509	695
509	1404
510	1509
510	3157
513	3289
515	574
515	7862
516	661
516	1673
517	5878
517	7392
519	1202
519	5163
522	2511
523	142
525	8703
525	7620
527	3003
527	8262
527	7398
528	405
528	4377
529	1294
531	3486
531	6064
532	2463
533	2416
533	1493
535	3995
535	9106
536	491
538	6602
540	795
541	1856
541	3573
542	6553
543	1400
544	310
544	607
544	6361
545	380
546	1868
546	3057
547	3874
548	1826
548	7030
549	1622
549	4066
551	3322
551	3507
552	1677
553	791
553	7818
553	626
555	9077
558	3748
558	34
559	4299
560	2487
560	4861
561	4992
561	9729
562	360
562	659
562	7646
563	4631
563	7809
563	2229
564	5140
564	971
565	5260
566	1871
566	5216
566	6104
573	9652
573	9860
578	2996
579	8968
581	5492
581	7740
582	7626
582	9520
585	1429
585	6965
585	6984
586	1649
588	3908
590	5003
592	6761
592	9920
593	8094
595	6586
595	7177
596	7718
597	9697
597	9996
597	9719
598	981
598	2747
599	2761
601	878
602	535
602	3731
602	7353
602	8930
603	8523
604	3774
604	3165
605	4477
607	3925
607	4663
607	5532
610	973
610	5135
610	915
612	4842
612	7501
612	9678
613	2643
614	1337
614	6518
615	1249
617	5835
618	8311
619	9263
620	1418
620	2991
620	3997
622	6292
622	7507
622	5949
623	1242
624	7932
624	1379
625	2847
627	9751
627	2344
628	822
628	5335
630	415
632	224
632	6111
632	8217
632	6030
633	4213
634	4666
635	9997
637	7317
638	730
638	4688
640	3078
641	921
641	5141
642	1373
642	7473
644	9708
645	3413
645	1346
645	9830
648	9071
649	8674
651	2949
651	5603
653	5489
653	7243
654	5432
654	7003
659	2923
659	3230
660	653
660	678
660	3718
660	5424
660	7587
660	4271
661	7608
661	8001
662	4884
662	5444
665	7167
668	6010
669	82
671	7549
671	8698
674	4817
674	1521
676	393
679	1603
679	8234
680	616
680	5752
681	749
682	1669
682	4630
682	9837
683	6919
685	5935
685	6898
685	7551
685	8122
686	1382
688	2541
688	4900
688	5813
690	5240
691	6838
691	7071
695	798
696	9852
698	1112
698	6635
701	7312
702	8733
702	1166
703	9957
704	7739
704	1306
707	4118
707	6923
707	3216
708	7699
708	4177
709	3976
710	6792
710	5625
712	5501
714	2130
714	8409
715	3642
715	4237
715	5431
716	186
717	6505
717	7246
717	7769
720	9009
720	9239
720	1129
721	3563
721	8646
722	6817
723	723
724	4115
724	4657
726	5267
726	8191
726	8595
727	223
727	7225
729	9380
729	754
731	6720
731	4402
732	8855
733	2931
733	7051
734	2006
734	2425
734	6188
736	5707
738	3922
739	9643
739	4407
740	293
740	1998
740	7960
740	1303
742	1810
742	3657
743	9794
744	1857
745	6073
745	8514
746	9368
747	1056
747	6331
750	5661
751	3864
751	5601
752	381
753	342
754	9282
755	7117
756	911
760	2822
761	3722
761	5870
763	3828
763	9277
766	181
766	4971
767	5397
767	6001
767	7075
770	3453
770	5709
771	1532
771	4880
772	2985
772	5297
774	6347
775	1755
776	5330
776	5722
777	1432
779	624
780	3791
780	9041
781	9855
783	1315
783	3460
783	7599
783	8775
785	6551
786	4755
786	9995
786	2707
788	9848
789	6160
789	7165
790	8034
790	7356
791	9253
791	4401
791	3827
792	1349
792	5476
792	961
794	1974
794	9157
795	3758
795	2699
796	110
797	2014
797	5615
797	7285
798	882
798	1698
798	4960
798	8974
799	2072
799	4891
804	9047
804	9747
805	3448
805	4754
805	5279
805	6739
806	4603
806	8540
808	7891
810	83
812	7186
813	2797
814	4528
815	8802
817	5381
817	9448
821	5857
822	4017
822	2076
823	3979
825	9316
826	968
826	4823
828	474
829	617
830	7953
832	9515
833	2988
833	7766
834	2023
834	3237
834	4418
835	2163
835	7425
835	9149
835	9165
836	1979
837	8718
838	3280
838	8680
839	1767
839	4310
840	5081
842	4000
843	3064
843	3282
843	3709
844	1405
845	2977
846	2958
846	8056
847	6674
848	7780
848	6363
849	5178
849	8355
849	9176
850	3660
851	531
851	6023
851	8529
853	8337
854	1211
854	4062
855	63
855	6019
856	1836
856	6627
858	9460
858	9666
859	2990
860	6702
861	114
861	2705
861	2432
862	4138
863	2196
864	2204
864	5760
866	4280
867	9683
868	2744
869	1081
869	2403
869	4012
869	7249
869	9717
870	8774
871	3954
871	4575
872	5361
873	2191
874	8050
875	3307
875	7422
876	4079
876	6690
877	7471
877	397
878	2137
879	1616
880	337
880	3036
880	8054
881	5862
882	1063
882	8505
885	8289
886	9424
887	8750
888	1318
888	1163
889	401
890	3509
892	8814
893	577
893	904
894	2576
897	590
897	5634
897	4160
898	3853
899	2893
900	48
902	7958
903	119
903	892
903	5312
905	5473
905	9499
908	6126
908	9880
908	6653
910	7839
912	4023
912	4712
913	9326
913	7313
916	4308
917	1006
917	6053
919	1197
921	2009
921	3512
921	9413
923	748
925	3106
926	1832
926	6147
927	1460
927	4566
928	1890
928	9456
929	2730
929	9241
929	9839
930	3178
931	4498
932	4430
933	735
933	6594
934	5057
935	5225
936	3112
936	7813
936	8849
936	9447
937	6017
939	5133
939	7623
939	6371
939	8812
939	180
941	487
941	9871
943	37
943	5273
943	5834
945	248
945	9851
947	6473
948	799
951	7214
952	8412
955	1840
955	1921
955	6793
957	5423
958	4727
959	1913
959	3412
959	715
960	3250
960	4257
961	8590
962	2633
963	3832
965	5006
966	8767
967	5266
968	1275
968	7107
968	2273
969	4353
970	5106
972	2439
972	5902
972	7082
972	9140
973	2263
973	5529
976	7200
977	622
978	5539
978	8706
978	3625
978	2449
979	4790
980	6090
981	1495
981	1695
982	8341
982	8955
982	8766
983	9761
985	2378
987	2367
987	5751
987	6819
991	3733
992	2485
992	2911
992	8509
996	5391
996	8648
997	4914
997	9146
1001	1320
1001	1630
1004	9373
1005	3598
1006	3701
1010	7127
1011	3130
1011	3478
1011	9074
1012	2192
1012	7942
1014	4103
1014	4959
1015	4157
1015	1284
1016	7805
1016	7624
1017	1681
1017	2178
1017	2865
1018	4767
1018	6221
1019	935
1019	3074
1019	4726
1019	6858
1020	3119
1020	4668
1020	3432
1021	5674
1022	1986
1022	7359
1024	3417
1024	5597
1025	5147
1028	5663
1030	3220
1031	7146
1032	792
1032	402
1033	4502
1035	2812
1035	7496
1037	4970
1037	9777
1038	8491
1038	8031
1039	166
1043	6487
1045	7438
1046	7753
1049	931
1049	6137
1049	8824
1051	1391
1052	7409
1053	3715
1054	6011
1054	8092
1055	6801
1055	2912
1056	135
1056	9824
1057	5991
1057	7
1059	3508
1059	4998
1061	3854
1061	7945
1061	9524
1062	7651
1062	8390
1064	7782
1065	5152
1066	8672
1068	7097
1069	1881
1069	6988
1069	130
1070	7247
1072	4472
1073	6129
1077	3950
1077	5605
1077	8832
1077	9364
1079	5354
1082	1620
1085	281
1085	1069
1085	1139
1085	8606
1087	9186
1087	9313
1088	6265
1088	6890
1089	2385
1090	761
1090	3283
1090	1336
1091	9215
1092	3766
1094	1178
1094	1741
1094	5469
1095	1980
1095	6192
1096	7451
1096	9388
1097	28
1098	5737
1099	1237
1099	6443
1099	7877
1100	6716
1101	4993
1101	9178
1101	9566
1102	2734
1103	8488
1104	1525
1105	3360
1105	4034
1106	6280
1108	2786
1111	3152
1111	6512
1111	6472
1113	4615
1117	841
1119	3257
1119	5393
1119	2414
1120	4210
1121	5253
1122	5854
1123	333
1125	8666
1126	9599
1127	3107
1127	1467
1132	3894
1133	6235
1138	2264
1138	9369
1139	6685
1140	8082
1141	4490
1143	2383
1143	5756
1143	884
1146	611
1146	6632
1148	5531
1148	6336
1149	3912
1149	8893
1149	9400
1149	8705
1149	852
1150	9393
1151	7427
1153	5944
1153	8842
1154	8510
1155	1222
1155	7749
1156	1321
1156	6177
1157	2507
1158	463
1158	6311
1158	9954
1158	7971
1161	1054
1163	1025
1163	7432
1165	2145
1167	3350
1167	7252
1167	8879
1169	3079
1169	9392
1169	9804
1170	3298
1170	5176
1171	8450
1172	5628
1172	9664
1175	76
1175	3940
1175	5560
1178	3038
1181	4427
1182	3845
1182	5213
1182	8339
1182	9336
1183	3167
1183	6747
1184	387
1184	6954
1184	6840
1184	4595
1185	3290
1186	7109
1186	7537
1187	492
1189	1489
1189	6561
1189	6409
1190	1031
1190	7311
1190	9283
1191	3928
1192	4178
1192	7068
1192	9812
1193	8371
1194	564
1196	5874
1198	4264
1198	7523
1200	2144
1201	5433
1202	7310
1202	2486
1202	4355
1202	1650
1204	287
1204	8123
1205	183
1205	7260
1205	5895
1206	1169
1206	9297
1207	8421
1207	9496
1211	2093
1212	1623
1213	8288
1217	3258
1218	6699
1218	6469
1219	3700
1219	5479
1220	5454
1222	794
1222	2829
1223	5561
1223	8433
1224	6471
1225	3463
1227	7405
1228	6114
1228	11
1233	206
1233	7901
1234	107
1234	3088
1235	4095
1236	1662
1236	7775
1237	2676
1238	2030
1239	2519
1239	5103
1240	6710
1242	1499
1242	2268
1242	231
1243	284
1243	359
1243	8620
1244	2580
1244	8780
1245	3618
1247	3142
1249	9382
1249	6071
1252	1718
1252	8913
1253	1733
1254	2663
1255	2962
1255	9292
1255	1070
1255	8856
1256	1586
1256	3560
1256	5036
1256	5430
1257	1655
1257	8786
1257	9187
1258	1529
1259	524
1259	9250
1260	7244
1260	3259
1261	6808
1263	4558
1264	6811
1267	9840
1268	3535
1268	4242
1268	8053
1268	8965
1269	1578
1269	5075
1270	1358
1270	4092
1270	4585
1273	242
1273	2043
1273	8057
1275	6009
1275	6813
1277	2244
1277	1831
1278	6316
1278	4255
1278	8566
1280	7465
1280	2881
1281	3963
1281	8839
1282	4723
1282	7470
1283	7640
1284	8047
1284	1967
1285	1208
1285	1892
1286	7319
1286	8358
1287	2542
1287	7302
1287	7614
1288	4455
1289	6070
1290	9038
1290	2098
1291	975
1291	3354
1291	6296
1292	4093
1292	5252
1293	2920
1293	9268
1293	5080
1294	7588
1295	2917
1295	7227
1298	8522
1299	7715
1299	1491
1300	694
1300	1867
1300	5864
1301	6510
1301	6654
1303	8960
1303	3296
1304	7991
1305	2428
1305	6080
1305	6666
1307	4421
1307	5020
1308	6534
1308	7521
1308	9213
1309	7511
1309	8957
1310	2448
1310	8681
1312	7166
1312	5950
1313	4936
1313	5906
1313	787
1313	1156
1314	4016
1314	9962
1316	3623
1317	725
1318	3632
1319	3738
1319	4506
1320	7288
1320	7741
1320	3769
1321	4036
1321	5767
1321	2586
1322	6434
1324	9733
1325	8880
1326	9878
1327	3532
1327	6025
1329	1619
1329	2878
1329	8097
1329	3890
1330	3124
1330	9072
1331	3935
1332	952
1332	8396
1333	9037
1334	4423
1334	4815
1335	4029
1335	7481
1336	2616
1336	5359
1336	7363
1337	9605
1339	1779
1341	6145
1343	9138
1345	8624
1345	9632
1345	6554
1349	5258
1350	506
1350	5876
1350	6892
1351	5205
1352	9164
1352	442
1352	8758
1354	4134
1354	6419
1355	9403
1355	9653
1356	7088
1357	2545
1357	3324
1358	150
1359	8973
1360	1747
1360	8633
1361	9582
1363	818
1365	1090
1367	5571
1367	8438
1367	8995
1368	3138
1368	9227
1369	4120
1370	7293
1371	2558
1371	7449
1372	1510
1373	6593
1374	4307
1374	9458
1377	8635
1378	7555
1379	9441
1381	1691
1382	8877
1384	522
1384	8291
1386	6267
1387	6851
1388	382
1388	3489
1388	5311
1389	6270
1392	4893
1393	3174
1394	4181
1395	1984
1397	6324
1398	4478
1398	4696
1399	2156
1399	4468
1399	5884
1400	7308
1400	7569
1401	710
1402	7792
1403	7565
1403	7778
1404	8570
1405	867
1405	1903
1405	2186
1405	4642
1405	8463
1405	4130
1405	2952
1406	1519
1406	5089
1406	6441
1407	3517
1407	6861
1411	1167
1413	605
1413	1803
1414	9082
1414	1080
1415	140
1417	4450
1417	7179
1418	816
1418	7038
1418	8014
1418	9152
1418	5838
1420	1536
1421	9007
1422	2567
1422	8136
1423	3103
1424	1450
1425	2910
1425	8999
1426	1438
1427	1869
1429	7688
1430	635
1430	8997
1431	2667
1431	3034
1432	984
1432	7441
1436	1170
1437	1568
1437	239
1438	426
1438	4553
1439	7034
1440	372
1440	422
1440	548
1440	6046
1440	9245
1440	7938
1440	216
1440	7653
1441	8875
1442	5771
1443	5974
1444	9182
1446	413
1446	2904
1446	3860
1447	7598
1447	9884
1448	1052
1448	7837
1448	8798
1448	9029
1449	1173
1449	9328
1449	7092
1449	5340
1451	1777
1451	5007
1452	1512
1452	7834
1453	6856
1453	8593
1454	3862
1454	5333
1454	8935
1455	6935
1456	2793
1456	4275
1456	8823
1456	720
1458	601
1459	2626
1459	6901
1460	979
1461	3386
1463	4572
1464	1148
1464	6298
1465	2133
1465	7811
1467	1959
1467	6676
1467	9135
1467	2183
1469	5087
1470	8833
1471	1667
1472	5900
1473	991
1473	1611
1473	2008
1473	3075
1473	5483
1473	8506
1474	8944
1475	8156
1475	189
1476	3631
1477	2442
1478	4144
1481	9358
1482	9172
1482	9379
1483	2452
1483	4223
1485	631
1486	7463
1488	5420
1489	7722
1489	8254
1489	6245
1491	1043
1492	1109
1493	1082
1495	4327
1495	6120
1496	1007
1497	2665
1497	4741
1498	1776
1498	2983
1498	7976
1499	2620
1499	6175
1501	4973
1503	2194
1503	8773
1505	4854
1506	7554
1506	1331
1507	5646
1508	1078
1509	1700
1509	2380
1510	7355
1512	8914
1513	4519
1513	5828
1514	1709
1514	2537
1515	5892
1516	7480
1518	3992
1520	6915
1521	3725
1521	3788
1523	159
1523	3293
1526	9856
1527	910
1527	6815
1527	9842
1528	1185
1528	6887
1529	8587
1529	8858
1529	663
1532	1314
1533	5847
1534	4584
1534	5523
1534	8753
1535	7988
1536	3956
1536	7860
1537	6667
1540	3065
1541	1634
1542	3620
1543	6275
1545	3764
1545	7968
1546	6231
1547	332
1547	3181
1548	4850
1548	8727
1551	1738
1551	3689
1552	71
1552	7943
1553	872
1554	518
1554	705
1554	1048
1554	4867
1554	7091
1554	7396
1555	4953
1556	9792
1557	8230
1558	1553
1558	4246
1559	614
1560	1280
1561	4515
1562	251
1563	5818
1563	9703
1564	595
1564	5440
1564	6047
1564	7390
1566	2284
1566	3141
1566	5710
1567	4763
1567	8821
1569	3357
1569	7550
1571	1103
1573	1782
1574	3061
1577	7747
1578	8285
1580	8644
1580	9144
1582	3778
1582	6977
1583	6390
1584	137
1584	4831
1584	2510
1584	1590
1584	4222
1585	4488
1589	5937
1590	1138
1590	2978
1592	70
1592	3782
1593	5690
1594	526
1594	7140
1595	9396
1597	3770
1598	3549
1600	4802
1600	6277
1600	9898
1601	2484
1601	9563
1602	1814
1602	7413
1603	4187
1603	6497
1604	9631
1604	2148
1607	8799
1607	1340
1609	8579
1610	7648
1611	3565
1611	8046
1614	2498
1615	6756
1615	7104
1616	2887
1617	4426
1618	4208
1619	813
1619	5068
1623	6853
1624	7735
1626	6334
1627	4623
1630	2509
1630	7116
1630	9968
1631	7257
1632	5557
1632	7194
1632	8354
1632	1960
1632	5090
1636	5088
1636	4343
1637	1380
1639	8679
1639	6406
1641	5642
1642	2466
1642	4165
1642	9745
1642	2
1644	3984
1647	1310
1647	226
1647	7452
1648	4123
1648	8507
1649	673
1649	1055
1650	8328
1652	1174
1653	1692
1653	2214
1653	4298
1653	8295
1653	8586
1655	9507
1659	5098
1659	8977
1660	3096
1660	4912
1661	1255
1661	3899
1664	196
1665	690
1665	3261
1666	3437
1666	8541
1666	1247
1668	2703
1668	5300
1670	5202
1671	3794
1672	5035
1673	688
1674	2387
1675	1008
1676	684
1676	1268
1677	9758
1679	719
1679	6344
1680	4560
1680	6421
1683	9444
1685	9725
1687	4141
1688	2109
1688	9425
1688	9221
1689	542
1689	1565
1689	7709
1690	3557
1690	7721
1691	6338
1692	26
1692	4166
1692	7314
1694	5688
1696	7679
1696	2334
1698	5618
1699	7505
1699	8625
1700	3056
1701	5254
1702	9689
1703	5224
1703	5858
1704	9709
1704	4952
1707	2443
1707	4962
1707	7762
1707	3496
1708	7664
1709	4335
1709	6391
1710	8649
1711	9052
1712	3503
1712	8591
1713	7745
1716	4008
1717	4614
1717	3323
1718	956
1719	6005
1719	6045
1721	756
1721	1089
1721	7024
1721	8852
1721	6474
1723	4862
1724	2687
1724	5262
1725	886
1725	9772
1727	213
1728	4021
1728	4412
1728	8499
1729	7665
1730	9304
1731	3723
1731	4872
1731	2174
1733	779
1735	7049
1738	5395
1738	7004
1738	9125
1739	3780
1739	9054
1739	9918
1740	1846
1740	5959
1740	9847
1741	15
1741	2155
1742	9598
1742	6606
1744	906
1744	1407
1744	3470
1745	5715
1747	8719
1748	7518
1749	3525
1749	8980
1750	6317
1751	1411
1752	5778
1752	8203
1752	8240
1752	3434
1752	4135
1753	829
1753	7791
1754	706
1754	1229
1754	1757
1754	7527
1754	7796
1754	8933
1755	3481
1756	9169
1759	1896
1759	3050
1760	8206
1762	2189
1763	7205
1763	8300
1765	1345
1766	7870
1767	7840
1768	3561
1768	6527
1769	1263
1769	3438
1770	2726
1771	7536
1771	554
1772	6834
1773	7720
1774	3589
1774	623
1775	5809
1775	6706
1775	8986
1777	6625
1778	6552
1779	1744
1780	4429
1780	5356
1781	1359
1781	4928
1781	5115
1781	9492
1781	9993
1783	1133
1785	4986
1786	1566
1787	7155
1788	3268
1788	8809
1789	3627
1789	9921
1790	7979
1791	3719
1795	2860
1798	5689
1798	3674
1799	9935
1800	1873
1800	4112
1803	2388
1803	3083
1806	6242
1810	7649
1812	7276
1812	7158
1814	1992
1814	6879
1815	9348
1816	4209
1817	6826
1818	326
1819	8116
1819	954
1820	6955
1820	2295
1821	211
1821	4829
1821	5550
1821	9518
1822	1707
1822	2869
1823	3596
1825	1243
1825	2927
1826	3595
1826	5922
1826	8588
1827	1852
1828	7621
1829	1752
1829	3542
1830	5755
1831	9051
1832	1762
1833	9897
1834	6548
1835	312
1836	1264
1838	8415
1839	3901
1839	7603
1840	2546
1840	5062
1842	5113
1843	534
1843	5616
1843	6618
1843	9755
1843	6796
1845	6420
1845	7920
1845	8317
1846	6359
1847	5185
1848	7851
1849	3444
1849	7687
1850	8807
1851	2890
1851	4465
1851	5664
1853	8381
1853	9111
1854	480
1854	4249
1856	2493
1858	2767
1858	5733
1858	7129
1859	8168
1859	9731
1862	185
1862	9363
1863	2332
1863	490
1865	1299
1866	9883
1867	1807
1869	6131
1870	3796
1870	5817
1871	7939
1871	9978
1873	50
1873	5002
1874	2170
1874	2239
1874	9057
1874	9655
1875	4989
1876	5278
1876	8362
1878	6024
1880	6056
1881	4014
1881	4667
1881	5077
1881	6219
1882	543
1883	383
1883	1426
1883	8869
1884	2446
1886	1058
1887	6783
1888	2634
1888	3358
1888	5094
1889	3675
1890	8088
1892	6022
1894	3202
1894	7149
1894	9555
1895	4216
1896	1041
1897	7212
1897	9162
1897	1943
1898	2150
1898	5299
1899	2569
1899	3159
1900	6201
1901	2044
1902	880
1902	1427
1902	8564
1904	7320
1905	3311
1905	9452
1906	18
1907	603
1907	5879
1908	1476
1908	2431
1908	2870
1908	3900
1908	6078
1908	9584
1908	8722
1909	648
1909	9940
1909	7654
1910	58
1910	403
1911	9640
1913	4870
1914	9508
1914	9820
1914	3347
1916	3693
1916	8264
1916	3224
1918	1950
1919	5013
1921	5832
1921	8471
1922	1919
1925	2287
1925	6448
1925	5867
1926	467
1926	488
1928	2251
1928	5735
1929	4785
1930	1973
1931	7836
1931	4360
1933	6257
1934	704
1935	8901
1935	4876
1936	8835
1936	7344
1937	9055
1938	3843
1942	3094
1942	5287
1942	9670
1943	2299
1946	4747
1946	6883
1947	9356
1949	844
1949	1009
1949	4937
1949	8787
1951	1806
1952	1384
1953	540
1954	1098
1955	997
1956	525
1956	7865
1956	8723
1956	9663
1957	9844
1958	6833
1958	8394
1958	9675
1961	4525
1962	636
1962	1942
1962	4729
1963	6444
1964	7810
1964	8018
1964	9641
1965	7410
1966	824
1967	7595
1967	1563
1968	4080
1968	6981
1968	9700
1968	6745
1969	1712
1969	7520
1970	2237
1970	9107
1971	386
1971	598
1971	1224
1971	6442
1972	3917
1972	8954
1973	1848
1973	2568
1973	9329
1975	9941
1976	4582
1976	5063
1976	6043
1976	9539
1977	3117
1977	3897
1977	5973
1978	141
1978	204
1978	6484
1979	232
1980	728
1983	2972
1983	6274
1983	7696
1983	4901
1984	3511
1986	2053
1987	8781
1987	2666
1988	3100
1990	2807
1990	3014
1990	5673
1992	5649
1993	1191
1993	6488
1993	9648
1995	5927
1995	6060
1995	8199
1996	9659
1997	6260
1997	9033
1998	6291
2001	7675
2003	2678
2004	2672
2004	5017
2006	545
2006	2675
2006	3371
2006	3473
2007	9988
2007	6903
2008	1192
2011	4695
2011	5210
2013	486
2013	8911
2015	4383
2015	6052
2017	7365
2018	4546
2018	6236
2018	207
2020	559
2020	5490
2020	7014
2020	7074
2021	7323
2021	9630
2021	847
2024	3696
2025	55
2025	8513
2026	3403
2027	3734
2027	4624
2027	4954
2027	5855
2028	8051
2028	8320
2028	9091
2028	2697
2030	5495
2031	9970
2032	4385
2032	9461
2032	3099
2033	7325
2035	3313
2036	9471
2038	1518
2038	5165
2038	6214
2038	8439
2038	6088
2041	155
2043	1639
2043	6259
2044	3716
2044	5761
2045	7601
2045	1714
2045	6194
2046	7760
2047	2604
2050	6038
2052	504
2053	8105
2056	8795
2057	4175
2057	8351
2057	9080
2058	1381
2058	8516
2060	4567
2061	2960
2061	5990
2062	8878
2064	2942
2064	149
2067	2577
2067	8547
2068	4532
2069	157
2070	9265
2071	8109
2072	7600
2072	1120
2073	2630
2074	8083
2074	9673
2075	407
2075	2652
2078	4541
2079	2024
2080	721
2082	7022
2082	9780
2083	3520
2084	983
2085	4851
2089	8426
2090	353
2092	6095
2092	9662
2093	900
2093	4094
2093	7926
2094	7668
2095	8520
2095	8618
2096	4233
2097	8015
2098	1021
2098	1765
2098	9522
2099	8996
2100	2899
2102	6332
2102	7152
2103	2848
2103	7138
2103	7375
2103	3742
2104	1985
2104	6852
2105	5712
2105	8754
2105	1160
2106	116
2106	2457
2106	8517
2108	9902
2108	9381
2108	817
2109	4220
2110	6994
2111	6074
2111	8010
2112	9672
2114	7585
2115	4772
2115	7402
2116	2106
2116	2607
2116	4580
2117	9724
2119	826
2120	2731
2120	6660
2121	5880
2121	7880
2122	1333
2123	5274
2123	7911
2124	3116
2125	3856
2126	2612
2127	6463
2127	9581
2127	3171
2127	9053
2128	7224
2128	9618
2128	3666
2128	8543
2129	7061
2131	6153
2131	8397
2132	7692
2133	265
2133	5856
2133	7374
2134	638
2134	1369
2134	1660
2134	9976
2136	5092
2136	7381
2137	2831
2137	3464
2138	437
2139	64
2139	1035
2140	6911
2140	8921
2142	2019
2142	4579
2142	4813
2142	5198
2142	6763
2143	4599
2145	1783
2146	1647
2146	3227
2146	5111
2146	6929
2147	641
2148	1479
2149	9787
2150	4286
2150	9713
2151	3004
2151	4740
2151	6320
2152	8789
2152	2514
2153	2087
2154	2913
2155	4673
2155	6014
2155	5167
2157	5604
2158	468
2158	2162
2159	6605
2159	6897
2160	4202
2160	7219
2163	6485
2163	8886
2164	1661
2164	7040
2165	9066
2167	4408
2168	1013
2170	6321
2172	290
2173	1317
2174	9938
2175	2602
2176	2207
2176	7547
2176	7963
2176	3133
2178	3309
2178	9785
2179	1302
2180	5491
2180	7802
2181	718
2181	4770
2184	1726
2184	4277
2184	1910
2188	2015
2188	7997
2189	7820
2190	2549
2190	8897
2191	5887
2192	2861
2193	9872
2196	9551
2196	1044
2197	8419
2198	5220
2198	6355
2199	2680
2199	7377
2200	970
2201	6798
2201	6902
2201	7545
2201	7744
2202	4704
2202	6521
2202	8656
2204	2907
2205	3270
2206	6399
2206	6508
2206	4719
2207	6848
2207	8149
2208	2851
2208	6279
2208	8715
2209	3985
2209	6258
2209	9298
2211	2732
2211	4225
2213	3080
2214	774
2215	7972
2215	8826
2217	2561
2220	7737
2224	6429
2225	5800
2226	9075
2229	3838
2230	4372
2230	8825
2231	6578
2232	8308
2235	4443
2235	8424
2235	1293
2236	5377
2237	4441
2237	5936
2238	3692
2239	3891
2239	5914
2241	6048
2241	9743
2243	1075
2244	3421
2244	6136
2244	4226
2244	9814
2245	7680
2246	1457
2246	2345
2247	3039
2247	3213
2249	5823
2249	6829
2251	1825
2251	6515
2251	9737
2252	7007
2253	323
2254	1261
2255	7946
2256	3677
2257	8862
2259	247
2259	3376
2259	4328
2260	8013
2261	8277
2262	5930
2263	3829
2263	5635
2265	3162
2266	6476
2266	7604
2267	1604
2268	1329
2268	3585
2269	2221
2271	9349
2272	8265
2276	2766
2277	20
2278	6769
2281	5753
2282	3306
2282	7560
2283	6096
2283	7580
2283	8263
2284	4625
2284	7590
2284	8333
2285	1047
2285	2760
2286	8349
2287	3023
2287	4609
2287	6540
2287	7910
2288	2079
2288	4805
2288	7530
2288	7883
2289	4915
2290	1670
2290	2686
2290	3668
2292	8364
2293	9688
2293	2277
2294	5272
2294	9504
2295	1116
2296	163
2296	4846
2296	5060
2296	8189
2296	9859
2299	7284
2299	9480
2301	4422
2302	5619
2303	9022
2303	9706
2304	1153
2306	1949
2308	3114
2309	8962
2310	5819
2311	4263
2312	2261
2312	2301
2313	6860
2314	7211
2317	2152
2319	1557
2320	889
2320	1026
2321	1592
2321	8267
2323	3505
2323	3876
2324	8211
2325	4589
2327	6791
2328	6777
2329	320
2330	9058
2331	313
2331	5749
2331	8117
2331	2059
2332	741
2333	2477
2335	2049
2336	9085
2338	2932
2339	170
2339	9168
2340	2282
2340	8055
2341	5283
2342	2671
2343	3327
2343	9789
2343	8130
2344	7478
2346	8741
2346	2444
2348	5470
2349	1819
2349	3037
2349	5145
2349	9754
2350	6596
2351	9279
2351	9916
2352	5288
2352	6460
2353	2753
2353	5643
2353	740
2355	2067
2356	2531
2356	5534
2356	7909
2357	7998
2357	8551
2358	5928
2359	5837
2361	5979
2362	3695
2363	5662
2364	357
2364	6457
2366	7493
2368	6424
2368	9357
2369	3218
2369	7606
2369	9796
2370	2749
2371	7414
2372	419
2372	2648
2372	9235
2378	61
2378	1201
2378	5446
2378	7584
2378	9427
2380	7641
2381	6176
2382	783
2382	1629
2382	6283
2383	6182
2385	7915
2386	2335
2386	2402
2387	3754
2387	4887
2388	2355
2388	2031
2389	1928
2391	2740
2393	8223
2395	896
2398	9841
2399	4734
2400	7093
2401	4083
2401	4228
2401	5307
2402	2963
2402	7360
2402	8021
2402	8971
2404	8309
2405	6246
2405	7431
2406	6571
2406	6027
2408	3158
2408	6215
2408	2288
2411	261
2411	4179
2412	2180
2412	5171
2412	8005
2413	5151
2413	9159
2415	214
2415	412
2415	5449
2416	9401
2417	7025
2418	2372
2418	3761
2419	9021
2421	1445
2423	7952
2423	23
2425	9727
2426	5938
2426	4269
2427	870
2430	972
2430	2902
2430	4857
2432	5047
2434	2984
2434	5380
2435	7790
2436	417
2436	1895
2438	1402
2438	2153
2439	390
2439	6161
2440	3123
2441	5121
2442	9307
2443	851
2443	5509
2446	2976
2446	7057
2447	2919
2450	4619
2451	4046
2451	4326
2451	8732
2452	9161
2453	8716
2455	7434
2460	1533
2460	3888
2461	4520
2461	9099
2461	4492
2462	3084
2463	5085
2464	8657
2465	2190
2465	6631
2467	9874
2468	6082
2469	1874
2470	5326
2471	5694
2475	6993
2475	8639
2478	16
2478	2639
2478	3867
2478	4273
2478	4686
2479	4394
2479	1367
2479	7487
2480	7324
2480	8902
2483	7808
2485	2598
2487	1241
2488	9378
2491	450
2494	7299
2495	7577
2496	1164
2496	2185
2496	4983
2496	2940
2497	2464
2498	4405
2499	1027
2500	8945
2501	8525
2502	2467
2503	6953
2506	627
2509	917
2510	4439
2510	9542
2510	9853
2511	1648
2512	1815
2512	7928
2513	8899
2515	5029
2515	5411
2517	2252
2518	1847
2518	4133
2518	4753
2519	4684
2519	5257
2519	7855
2520	8158
2521	351
2521	3543
2522	1935
2522	8638
2523	6255
2524	6486
2525	8159
2527	4334
2527	9676
2531	5624
2532	8692
2532	527
2533	1864
2533	4132
2537	1483
2537	6752
2540	4236
2541	1605
2541	4927
2542	1045
2542	1750
2543	4972
2545	1062
2545	7058
2545	8984
2546	3000
2546	4201
2546	4314
2547	1902
2548	541
2548	2256
2548	5948
2554	4890
2556	6686
2556	9056
2557	2756
2561	995
2561	8187
2562	2840
2562	7948
2563	967
2563	1596
2565	2482
2568	5033
2568	9730
2568	3069
2569	544
2572	4806
2573	8395
2575	530
2575	7798
2577	6582
2579	2579
2579	9613
2580	5730
2581	520
2581	1094
2582	444
2582	1740
2582	9354
2582	3504
2586	7921
2587	4001
2589	804
2590	533
2590	551
2590	978
2590	3885
2590	4243
2590	5889
2590	6132
2591	7864
2591	8279
2591	8366
2592	7301
2592	9341
2593	3777
2594	5593
2596	1072
2596	4739
2596	9422
2596	3613
2597	4749
2597	8616
2600	3816
2601	5125
2602	1183
2602	3477
2606	2715
2609	699
2610	1494
2611	1210
2611	6642
2611	8755
2612	3370
2613	5960
2613	9712
2613	9786
2616	8137
2619	6894
2619	7788
2620	209
2621	152
2621	8607
2625	2238
2625	3773
2625	9061
2630	6184
2631	3201
2631	6068
2633	7209
2634	5717
2636	2660
2636	3941
2636	980
2637	8539
2638	1477
2638	4032
2639	6975
2640	5247
2641	3875
2641	9223
2642	4433
2642	8243
2644	9440
2644	7187
2645	9280
2646	4411
2647	338
2647	6365
2648	9922
2650	5073
2650	7806
2651	8805
2652	1036
2652	7210
2653	1065
2655	668
2655	8169
2655	8765
2656	4751
2657	8665
2657	9876
2661	4889
2661	8747
2663	2653
2663	9327
2665	957
2665	3920
2667	809
2669	1225
2670	7096
2671	6849
2672	3531
2673	6607
2673	9234
2676	2223
2676	5530
2678	1344
2678	4313
2678	5038
2678	5516
2679	210
2679	7348
2679	8872
2681	5072
2681	6187
2682	6969
2683	9806
2684	2564
2684	4053
2684	9048
2685	974
2686	7652
2686	9131
2688	2833
2688	6991
2689	1236
2691	5414
2691	5814
2691	7273
2692	2242
2692	9975
2694	3527
2695	6220
2696	2289
2701	6378
2701	9475
2702	1497
2702	2751
2702	9013
2703	8043
2705	9032
2705	9984
2706	5441
2708	2035
2708	2068
2708	7602
2708	6780
2709	2392
2709	5284
2709	9736
2710	4125
2710	8736
2711	4318
2711	8447
2712	7797
2713	2343
2714	7784
2715	2055
2716	440
2716	9415
2717	1439
2717	2257
2717	3366
2717	5514
2718	272
2718	2088
2718	2595
2722	4398
2724	4461
2725	7335
2725	3260
2726	6169
2726	6577
2727	5589
2728	409
2729	9303
2730	4590
2730	5197
2730	2319
2734	3726
2734	4040
2735	1995
2735	3836
2737	7819
2738	7379
2739	686
2740	2818
2741	6
2742	6081
2744	655
2744	4395
2744	4606
2745	2906
2745	8372
2746	9318
2746	1431
2748	2322
2750	4707
2750	5208
2750	5736
2751	5811
2752	2685
2752	5825
2753	51
2753	392
2753	5304
2753	1821
2756	3299
2757	7035
2758	270
2758	9832
2758	4381
2759	8563
2761	5851
2761	977
2763	6138
2764	8154
2765	1887
2765	4670
2767	4300
2768	3436
2768	6950
2768	5576
2769	458
2770	3930
2770	6872
2770	1772
2771	3749
2772	8669
2772	1908
2772	4064
2773	2798
2773	2297
2775	5506
2777	2047
2779	3949
2781	7922
2782	587
2784	4122
2785	4330
2786	7021
2789	1440
2791	6329
2791	7738
2793	8834
2794	4847
2795	9669
2796	3109
2797	1159
2798	8403
2799	2370
2800	4325
2800	4995
2802	1157
2806	2112
2806	7876
2807	4375
2808	4996
2809	6066
2809	8033
2810	3482
2811	6524
2811	1282
2813	6447
2813	1330
2819	1352
2819	4031
2822	565
2822	2836
2824	8610
2825	9905
2828	9822
2831	5613
2833	8093
2834	7495
2834	8108
2835	505
2836	1267
2836	4146
2836	5065
2836	6435
2836	7382
2837	1354
2839	1114
2841	3707
2841	1602
2842	7770
2844	9560
2846	9801
2849	9362
2849	3893
2849	2220
2851	2117
2852	9924
2854	4458
2854	8360
2855	2974
2855	288
2860	9294
2861	5455
2862	4250
2862	7578
2863	6119
2865	3802
2869	861
2869	3983
2871	1528
2871	9322
2874	9694
2875	751
2875	8357
2875	8521
2876	9273
2880	6939
2881	2725
2881	9258
2882	8531
2882	5584
2883	1547
2883	2022
2885	3120
2885	3672
2885	5957
2885	7176
2885	1289
2886	4853
2887	5537
2888	2033
2888	2479
2888	3795
2888	4662
2888	5658
2888	6452
2889	1000
2889	1500
2890	453
2890	8896
2891	1804
2893	1504
2893	5227
2893	8865
2896	8910
2897	2517
2897	7095
2897	7563
2897	8249
2897	7036
2899	8480
2900	2854
2903	3883
2904	1822
2904	7330
2908	7341
2909	964
2909	6264
2909	6446
2911	8574
2912	5306
2913	1558
2914	3198
2914	8790
2915	2142
2915	9243
2915	7180
2916	4351
2917	2390
2917	3849
2921	8102
2922	3404
2922	9114
2923	1386
2923	4151
2924	1594
2928	1759
2930	1729
2930	639
2931	562
2932	2086
2933	250
2934	3452
2934	3873
2937	7094
2938	5580
2939	2342
2940	6905
2941	2250
2941	3223
2944	5348
2944	7393
2945	3101
2947	1121
2948	7513
2949	1362
2952	1034
2952	7395
2954	3495
2956	6342
2956	9527
2958	2195
2958	5768
2958	6209
2958	4587
2959	6839
2960	8560
2961	1050
2962	4678
2962	5907
2967	1907
2968	6968
2968	8756
2971	8456
2971	9899
2973	3651
2974	1885
2976	1987
2977	173
2980	5850
2981	729
2981	4359
2981	7400
2982	5542
2986	1037
2986	8953
2988	3240
2988	5362
2989	9778
2990	9888
2992	5048
2993	3497
2994	3502
2995	2029
2995	8161
2995	8650
2997	5365
2997	8998
2998	243
2998	2379
2998	7884
2999	3636
2999	7591
3002	1343
3002	5179
3003	7700
3004	4942
3005	1014
3010	3960
3010	4963
3012	9355
3012	8788
3013	9556
3015	2218
3015	8392
3017	6650
3018	3568
3020	2338
3021	4818
3021	7617
3023	916
3023	3521
3024	3252
3027	9808
3028	1809
3029	4384
3029	8603
3029	1523
3038	1598
3038	4524
3043	3768
3043	5505
3043	6251
3044	7069
3044	8866
3046	4044
3050	5131
3050	7282
3051	6061
3052	7011
3053	781
3053	3399
3053	9331
3055	4698
3055	5868
3059	2994
3059	7817
3061	2635
3062	4139
3065	780
3067	3539
3067	4431
3068	4841
3068	8745
3073	1853
3076	3115
3077	6983
3079	5277
3079	7251
3080	7838
3081	1693
3082	1735
3082	5693
3085	3576
3085	5714
3087	3300
3089	5148
3089	6428
3090	3704
3091	4489
3091	5243
3091	8751
3096	6067
3098	1739
3100	5872
3102	3375
3103	1798
3105	5142
3106	7206
3107	2524
3107	7250
3108	3200
3109	4214
3109	4709
3110	317
3110	9967
3113	2752
3113	7089
3114	3462
3114	5577
3115	9437
3117	6289
3119	6467
3121	1703
3122	6044
3123	4164
3123	9657
3124	4921
3125	8
3125	6205
3128	1414
3129	7616
3129	416
3130	6574
3132	1615
3134	1214
3135	1625
3136	3222
3136	3931
3137	4297
3138	9552
3139	2684
3139	9735
3141	3035
3145	4200
3147	3556
3147	5150
3148	122
3148	6620
3148	8992
3152	5119
3152	8658
3152	4976
3153	1012
3155	8312
3156	5651
3156	9270
3159	2272
3161	8252
3163	4321
3164	5706
3167	767
3169	6794
3169	6924
3171	4814
3174	696
3175	7987
3176	9980
3178	153
3179	1855
3184	2733
3185	6151
3187	4494
3188	9249
3191	4028
3193	4607
3195	7678
3196	427
3196	5562
3196	9989
3197	9446
3198	1679
3198	2644
3199	4974
3201	5659
3203	2817
3203	5434
3203	5703
3203	7723
3204	4922
3205	5091
3206	2903
3206	9541
3206	4153
3206	6800
3208	1458
3208	3840
3208	4504
3208	7421
3209	2693
3210	760
3211	988
3213	2594
3214	3390
3214	7816
3214	9387
3216	3474
3217	1530
3217	7424
3218	4206
3221	2278
3222	371
3222	2647
3222	3194
3223	6937
3223	2376
3226	3012
3228	9173
3231	316
3231	1884
3231	5467
3231	9510
3233	7063
3234	1725
3235	1155
3235	4810
3235	5499
3236	7528
3237	3934
3237	6210
3237	8200
3239	517
3239	8375
3240	2556
3241	5219
3242	8232
3243	5486
3243	7204
3244	1956
3245	1200
3248	5251
3248	8143
3249	9189
3250	5182
3251	2110
3251	6042
3252	7642
3253	918
3253	3807
3253	8863
3253	9481
3254	4004
3254	9546
3256	958
3257	993
3258	2216
3259	2876
3260	4722
3262	3999
3263	2042
3263	6871
3265	2695
3266	6868
3267	4760
3268	9377
3269	6737
3274	2203
3275	507
3276	5055
3277	7826
3280	650
3280	2575
3282	6718
3282	8526
3283	1033
3283	7267
3283	9170
3284	260
3285	8076
3288	127
3289	8297
3289	3978
3290	8573
3291	2951
3292	3017
3296	5971
3296	9793
3297	2922
3298	410
3298	3269
3299	6285
3299	7947
3304	3994
3304	7728
3305	6523
3308	682
3309	5669
3309	5754
3314	714
3314	881
3314	3582
3314	6162
3314	7757
3316	376
3316	657
3317	14
3317	5097
3317	6556
3318	6522
3319	5294
3319	9049
3319	6936
3322	5021
3323	8038
3324	4888
3324	9025
3325	2513
3325	7504
3327	3456
3327	8174
3328	4571
3330	6803
3330	3333
3331	6824
3335	2350
3336	5747
3337	4419
3337	6805
3339	7570
3341	4374
3342	8000
3343	5915
3344	4978
3345	7026
3347	5681
3349	2315
3349	6622
3350	4702
3351	2469
3351	9027
3353	1088
3353	2438
3354	7512
3355	2437
3355	4610
3357	8077
3360	85
3360	2254
3363	7666
3364	4875
3364	6029
3365	3048
3366	4656
3367	7629
3368	6889
3370	477
3370	1481
3374	2572
3374	4791
3374	6906
3377	7697
3377	9945
3377	9601
3382	4409
3382	9490
3383	4039
3384	7062
3385	8710
3387	521
3387	9748
3389	1389
3390	5347
3391	254
3391	7500
3393	4594
3394	8305
3395	5327
3398	5985
3399	8693
3400	7417
3402	7681
3406	5626
3407	7873
3407	8653
3408	5791
3408	5207
3409	1951
3409	6315
3411	4669
3412	494
3412	3275
3413	583
3413	2608
3413	9597
3414	7197
3418	40
3419	9150
3420	2719
3422	752
3423	6085
3426	7711
3429	8032
3430	3255
3431	7659
3432	643
3432	3369
3432	5436
3432	9564
3434	6866
3435	1387
3436	4982
3436	7989
3437	866
3440	4604
3441	9686
3442	471
3443	3955
3445	2787
3446	5518
3446	8882
3446	2711
3447	2784
3447	4966
3447	8030
3448	3577
3448	6544
3449	1209
3450	2998
3450	4448
3450	9093
3451	329
3453	1572
3453	7831
3456	377
3456	3663
3457	2954
3457	4531
3458	5963
3461	683
3463	7882
3463	2690
3464	8854
3468	6832
3469	2588
3472	4535
3473	3196
3473	4348
3476	6319
3477	6557
3478	3330
3480	8730
3480	9827
3481	3717
3481	9512
3482	5045
3482	3614
3483	4143
3484	1106
3486	1732
3488	3671
3490	9833
3491	5498
3493	8580
3494	3991
3495	2108
3496	1958
3497	5256
3498	7610
3499	6802
3503	8181
3505	7321
3505	5644
3510	584
3512	2895
3512	5654
3515	768
3515	5233
3516	4641
3516	7052
3518	4267
3519	6284
3521	160
3521	1226
3522	1617
3523	9952
3523	8037
3524	3405
3525	4183
3526	3789
3526	5341
3527	7488
3527	7814
3528	4071
3528	9914
3530	4965
3531	4745
3532	7198
3533	2450
3533	6250
3534	546
3537	8508
3538	1444
3538	5780
3540	5877
3542	1017
3542	1854
3544	306
3550	6247
3550	7908
3551	7456
3551	8686
3552	3238
3552	4516
3553	9625
3555	845
3555	4903
3555	5124
3555	8572
3556	6383
3556	8112
3558	5602
3558	9228
3559	1663
3559	4342
3564	2128
3564	3247
3569	528
3571	7701
3572	5793
3573	228
3573	2889
3575	9004
3576	3209
3578	295
3580	2649
3582	1107
3582	2615
3584	9260
3585	4240
3586	2548
3587	7516
3588	3091
3591	3739
3591	8847
3592	1931
3594	3383
3595	561
3595	4897
3597	4219
3597	7676
3600	6532
3601	3710
3601	46
3602	2253
3602	6156
3603	5536
3603	9523
3605	2002
3606	6709
3606	298
3608	3278
3609	1422
3609	3352
3609	9900
3611	5337
3612	5270
3613	4716
3614	5519
3615	2973
3616	6407
3618	5194
3623	1024
3625	9776
3626	2669
3629	1719
3629	7229
3631	3546
3631	3619
3632	2115
3633	3555
3635	6614
3637	4873
3637	6932
3637	8084
3640	3679
3640	7240
3641	2640
3641	4752
3641	8118
3642	2736
3644	6208
3645	1496
3645	5893
3645	9753
3646	7704
3647	1385
3648	112
3648	4801
3648	1929
3649	5177
3649	9617
3650	9741
3650	1195
3652	3193
3653	6608
3653	7322
3654	621
3655	7931
3660	6451
3663	3217
3663	7677
3663	8846
3664	7686
3664	9911
3666	3687
3667	6610
3667	8373
3667	9992
3668	734
3669	6323
3670	3533
3672	2011
3672	8258
3673	8414
3673	8553
3674	7245
3675	7274
3675	9509
3676	5525
3680	3226
3680	3641
3681	6502
3682	5993
3683	4105
3685	1212
3687	5750
3687	9203
3687	9933
3688	698
3688	825
3688	5108
3688	8099
3689	2384
3689	9896
3690	2724
3691	7423
3692	6356
3693	8476
3696	2097
3696	2741
3697	4100
3699	2729
3700	202
3701	9779
3701	9904
3702	168
3702	1145
3703	8248
3703	8490
3703	7131
3704	1627
3704	4682
3705	8682
3705	9325
3707	4126
3713	449
3716	6475
3718	6684
3718	7102
3719	2956
3719	3572
3720	2609
3720	8636
3723	9391
3724	3865
3726	303
3727	7853
3730	8306
3732	8632
3734	9635
3735	552
3737	7286
3737	7733
3738	97
3738	1180
3738	8943
3739	3869
3740	7889
3741	4564
3742	2773
3742	6569
3742	7048
3742	8942
3743	7401
3743	9299
3743	5296
3744	4994
3744	5553
3745	7429
3746	2359
3748	5650
3753	5418
3754	1286
3756	17
3757	1672
3760	6999
3760	7254
3761	5250
3762	2527
3762	8552
3763	19
3763	3085
3773	9529
3775	1051
3776	3980
3777	5416
3777	6430
3779	8164
3780	4819
3780	6549
3783	5612
3787	6941
3787	8214
3789	9035
3790	1794
3791	3702
3793	5375
3795	8040
3796	2670
3796	8928
3797	294
3798	4362
3799	7801
3799	8898
3800	9166
3801	88
3804	608
3804	6764
3806	8888
3807	6750
3808	3132
3809	4260
3810	8446
3811	5903
3812	3092
3813	2801
3815	1332
3819	2494
3822	9723
3824	4783
3825	5891
3825	8700
3825	1232
3826	2073
3827	3013
3829	1537
3830	2655
3831	249
3832	905
3832	7331
3832	8096
3833	1589
3833	4102
3834	238
3837	738
3838	8299
3839	832
3840	199
3841	4878
3842	7371
3842	9559
3845	1756
3845	4239
3848	5050
3848	5807
3851	5040
3851	8479
3854	4009
3856	8850
3857	8994
3858	217
3858	1182
3858	5795
3859	8157
3862	1390
3863	5943
3863	7568
3863	8922
3865	431
3865	4979
3867	7689
3868	6772
3868	8828
3869	5565
3869	9246
3873	2553
3876	8359
3877	3447
3877	4787
3877	9224
3878	4315
3881	4007
3881	4968
3881	8179
3883	863
3883	1019
3884	703
3887	713
3888	949
3889	3933
3890	6773
3891	7492
3894	926
3896	3652
3896	8642
3900	2681
3901	3712
3901	3783
3902	2081
3903	5970
3904	3335
3904	8065
3904	9611
3905	7345
3906	4186
3907	49
3907	4137
3911	3685
3911	6276
3912	9726
3918	1526
3918	1964
3918	2843
3918	5748
3919	9129
3922	2886
3922	8701
3922	7454
3923	2057
3923	7787
3924	3498
3925	925
3925	6590
3929	1705
3930	953
3930	4701
3937	5830
3938	7148
3939	3467
3939	6168
3941	3868
3941	6015
3942	132
3942	807
3942	5032
3943	5606
3947	4159
3948	72
3950	5226
3950	6845
3950	7662
3951	9433
3953	2637
3954	679
3954	2118
3954	6842
3957	4652
3959	7907
3961	5314
3962	2424
3962	7000
3963	8165
3964	1375
3964	5295
3965	4550
3966	6140
3966	6741
3967	697
3969	5054
3969	6899
3969	8492
3969	9756
3970	5011
3971	5633
3973	7013
3973	9076
3974	8435
3975	1748
3976	4527
3976	5989
3977	4881
3978	1554
3979	757
3979	4072
3980	1768
3981	9711
3983	1003
3983	8704
3984	4848
3984	8113
3986	9420
3986	9959
3989	606
3990	267
3990	1861
3990	3537
3990	4376
3991	3005
3991	3168
3992	6412
3994	1579
3996	9445
3996	3022
3998	3518
4003	4710
4003	8213
4005	7459
4006	6987
4007	2677
4009	628
4010	1982
4010	9999
4011	6563
4011	7368
4013	5154
4014	1060
4017	262
4018	8489
4019	193
4019	4345
4019	2071
4021	3713
4022	2746
4024	171
4026	1095
4026	1897
4026	8853
4026	6585
4029	8048
4031	2780
4032	7192
4033	8497
4033	9811
4035	6703
4036	4352
4036	9067
4039	8926
4040	2070
4040	3144
4040	3526
4040	4414
4041	3063
4041	9799
4042	602
4044	8246
4046	3850
4050	6016
4052	335
4053	1016
4055	1172
4056	6647
4059	2123
4059	9909
4060	4886
4062	6180
4063	1771
4065	4336
4067	1018
4068	4195
4069	1575
4070	1550
4070	4680
4070	9386
4072	2405
4074	3291
4075	1154
4075	3487
4075	1911
4081	840
4082	4162
4084	4627
4087	6785
4088	2975
4089	9823
4089	4514
4090	5734
4090	8801
4092	9887
4095	4766
4096	9288
4097	2184
4097	5112
4098	7752
4099	1952
4099	8058
4101	5450
4101	4010
4102	8177
4104	3443
4105	1416
4105	5672
4106	1683
4106	3051
4106	4865
4106	7443
4109	53
4112	6828
4113	1859
4113	5921
4115	1124
4115	3480
4116	7522
4116	8972
4118	511
4121	2796
4122	2488
4124	1606
4124	6146
4124	6867
4125	227
4125	5321
4125	8146
4126	6916
4127	6266
4128	1972
4129	399
4129	6680
4130	373
4130	9925
4132	4396
4133	1905
4133	3329
4134	8153
4136	8292
4138	9850
4139	2716
4140	3229
4141	1977
4141	2104
4143	5019
4143	8225
4145	255
4145	9955
4145	7828
4146	6931
4146	8748
4149	398
4149	1534
4149	4742
4151	1863
4153	8091
4153	8202
4155	2603
4158	1797
4160	99
4161	1179
4163	3646
4165	1880
4167	6698
4171	5641
4172	3699
4173	8324
4174	3610
4174	5281
4174	6018
4175	6576
4177	3882
4179	241
4179	5805
4179	9395
4180	84
4180	9110
4182	8190
4183	2789
4183	3821
4185	9696
4188	8270
4190	7919
4192	5843
4194	4049
4194	9638
4195	5699
4195	6127
4196	873
4197	7605
4198	744
4198	3988
4199	3044
4199	3211
4199	6790
4200	6204
4200	9247
4207	689
4209	4070
4209	8332
4209	2003
4211	1437
4214	5168
4215	2054
4215	5687
4215	5964
4215	9592
4215	9687
4216	5739
4217	6619
4217	9012
4218	8772
4221	9695
4222	7869
4224	2809
4226	6691
4227	1978
4229	6982
4230	1171
4230	7141
4232	4350
4232	4568
4232	9470
4233	2391
4234	1325
4235	7635
4240	1971
4242	7514
4242	8737
4243	4837
4244	3415
4244	8915
4245	6335
4246	3228
4249	485
4251	9330
4252	6432
4257	5334
4258	3021
4259	6227
4259	8725
4259	1428
4260	3245
4261	4196
4261	7628
4261	9412
4264	4844
4264	5130
4267	6191
4269	1927
4271	3910
4271	9411
4271	9759
4272	1653
4273	1137
4274	6978
4276	4705
4276	5890
4279	2606
4280	3377
4281	3008
4281	7275
4283	6373
4283	9875
4283	3097
4285	9602
4286	1514
4286	4467
4286	5012
4286	6878
4286	6565
4287	2187
4287	6479
4288	4365
4290	5764
4291	6651
4293	4503
4294	6659
4295	1851
4296	3207
4296	5954
4296	6037
4296	9681
4300	4947
4300	8696
4303	5468
4303	9151
4304	2966
4304	7281
4306	4750
4306	7924
4306	5069
4307	9225
4310	3615
4311	5422
4312	556
4312	4086
4312	7526
4312	8019
4315	669
4316	125
4316	7941
4318	4340
4318	5376
4320	2138
4321	3690
4322	758
4322	4436
4322	7899
4322	9359
4324	4003
4326	1115
4326	3356
4326	8776
4328	5170
4328	7499
4330	2830
4330	5777
4331	7203
4333	3909
4334	3541
4334	7043
4336	1796
4337	7328
4337	3359
4339	8244
4341	7386
4342	8740
4345	9886
4346	3066
4346	4958
4346	7553
4346	8150
4346	8184
4346	9913
4347	6170
4348	5014
4348	5242
4348	5289
4350	6013
4351	2398
4354	9098
4355	3743
4356	5685
4356	7437
4356	790
4356	447
4359	6704
4360	1334
4361	1745
4361	7012
4363	245
4363	5994
4364	1791
4364	3465
4364	4148
4367	45
4367	3150
4367	4030
4368	128
4369	8462
4369	8575
4371	2374
4371	3809
4372	8964
4375	3775
4375	8614
4377	8298
4377	2021
4378	6721
4378	9317
4378	9528
4378	9661
4381	667
4381	2458
4381	3246
4383	1076
4383	6609
4383	8589
4384	5827
4386	7970
4386	9493
4388	580
4390	3756
4391	6144
4393	9191
4394	5478
4394	6519
4394	9608
4395	8738
4396	5417
4397	2795
4397	7002
4397	9476
4398	5428
4399	5261
4401	2356
4403	2841
4403	448
4405	8389
4406	5766
4410	3320
4412	9971
4415	8640
4417	445
4419	340
4419	8259
4421	8487
4422	1573
4424	5958
4428	9963
4429	3140
4429	8924
4432	2559
4432	9939
4434	4054
4434	4281
4435	1800
4435	2772
4437	4533
4442	2543
4442	4513
4444	1845
4444	9680
4445	5079
4447	4714
4448	7161
4449	7636
4450	7006
4451	7950
4452	9267
4454	5846
4455	499
4455	2936
4456	7031
4457	345
4457	9649
4458	2750
4458	6035
4459	2674
4459	8602
4460	2132
4461	839
4461	4234
4462	3736
4467	1773
4469	6661
4470	9127
4471	2943
4471	8052
4471	4757
4473	1948
4473	3587
4473	9084
4474	4730
4475	3575
4476	4076
4476	4743
4477	7638
4478	6836
4479	550
4482	253
4483	2850
4483	7929
4484	1774
4484	5609
4485	4830
4485	92
4486	3643
4486	6135
4487	8383
4488	5066
4488	5765
4490	4437
4490	6387
4492	9229
4495	7450
4496	9603
4497	9478
4498	2305
4498	6233
4499	3649
4500	2538
4500	4552
4502	5319
4504	5909
4505	2712
4505	3597
4506	6914
4507	3826
4508	7270
4510	9028
4513	5783
4514	9310
4515	7181
4515	7185
4516	7674
4516	8155
4518	2565
4519	60
4519	367
4519	3249
4519	9682
4519	9817
4520	9628
4521	2349
4521	8627
4525	6779
4525	9937
4526	5120
4526	7936
4527	2294
4528	3977
4528	6877
4528	6886
4531	8803
4532	9070
4533	6370
4533	9222
4534	8936
4537	8843
4538	7436
4541	9214
4541	9467
4542	9397
4544	8578
4544	9017
4544	578
4544	6310
4545	2175
4545	2908
4545	2924
4545	3365
4545	7261
4549	8861
4551	334
4552	5456
4553	7118
4554	1666
4554	6495
4556	2872
4556	6203
4557	860
4558	4244
4560	6202
4561	7541
4564	7336
4565	6947
4566	8576
4566	8677
4567	2800
4569	629
4569	1743
4571	368
4571	5621
4572	2853
4572	8002
4575	7332
4577	7764
4578	8584
4579	1357
4579	9667
4580	4410
4580	8061
4582	6822
4586	9352
4587	2688
4588	1659
4589	8340
4591	7992
4592	5676
4597	2406
4598	3379
4601	108
4601	5911
4602	1186
4605	9339
4605	9633
4609	8119
4610	3703
4610	8884
4611	5364
4611	6776
4611	7191
4611	4715
4615	341
4615	3516
4615	7305
4615	9090
4617	7271
4621	2454
4622	634
4622	1839
4623	1466
4623	5447
4624	8949
4624	9198
4625	6694
4625	6171
4626	3661
4630	5259
4630	6584
4630	7538
4632	1132
4633	9571
4635	2864
4639	2080
4639	4930
4640	2727
4640	4548
4640	7147
4641	5743
4641	9429
4642	9646
4644	4941
4644	5084
4644	5201
4645	1277
4645	4358
4647	1883
4649	5155
4650	8548
4650	9766
4651	7054
4651	7533
4653	2754
4653	8060
4654	5622
4654	2329
4656	5549
4657	1962
4657	4746
4657	5801
4658	2642
4662	5460
4666	6273
4669	3286
4672	666
4674	5882
4677	4329
4680	5211
4682	4626
4685	321
4685	9802
4687	5526
4690	3540
4691	4826
4692	1393
4693	7789
4693	7982
4693	1409
4695	6775
4696	3382
4696	9455
4697	2125
4698	4957
4698	5188
4698	8819
4699	8420
4700	3879
4701	5027
4705	6621
4705	9557
4707	7238
4708	6301
4710	2679
4712	9934
4713	3499
4714	4517
4716	1071
4717	2271
4718	279
4718	7020
4719	1722
4719	3601
4722	2508
4723	8585
4724	7815
4725	7643
4726	2945
4728	5291
4729	944
4729	3274
4729	9308
4730	1022
4730	5969
4731	3847
4732	4475
4734	4205
4734	7800
4734	9409
4735	5484
4735	8121
4738	6241
4740	6012
4741	1461
4741	5128
4742	5917
4743	4037
4745	1470
4748	630
4748	4906
4750	2896
4750	5982
4751	269
4752	9956
4755	2641
4756	7494
4759	1503
4759	1924
4760	4536
4761	3621
4761	9660
4764	2095
4764	8281
4765	5000
4766	8599
4767	3886
4767	9863
4769	7489
4770	3510
4775	292
4775	9199
4775	9593
4782	4339
4783	902
4784	1651
4785	7572
4786	3068
4788	1728
4788	6989
4788	9614
4790	2560
4790	3574
4792	9351
4794	2590
4794	3135
4795	2979
4797	9417
4798	8685
4799	5821
4802	9184
4805	4111
4806	6504
4807	8185
4810	6464
4812	3863
4813	4711
4813	6339
4814	7420
4818	747
4819	4650
4819	8212
4820	8791
4821	3624
4822	5797
4823	7885
4824	3923
4825	3921
4829	3818
4829	9912
4830	539
4830	4493
4833	8613
4836	5193
4836	6491
4837	6664
4840	4077
4843	828
4843	6816
4844	2159
4844	2328
4846	8562
4847	2857
4847	6281
4848	7961
4850	9494
4851	2377
4851	4938
4851	7799
4858	414
4858	6533
4859	3645
4861	1425
4861	8257
4865	1256
4865	2885
4866	4136
4867	4057
4868	5015
4869	3600
4869	6964
4873	1585
4874	820
4877	8557
4877	8976
4880	5762
4881	1613
4881	3113
4882	1904
4882	3446
4884	5545
4885	5228
4885	7233
4889	2888
4893	6206
4894	3033
4896	1799
4896	2849
4896	5426
4897	4311
4898	1328
4899	1916
4899	9158
4901	3308
4902	7583
4903	1760
4903	3180
4903	5962
4903	9586
4904	875
4904	6580
4905	3407
4910	6511
4913	4248
4913	7844
4914	4883
4915	5725
4916	9543
4918	2520
4918	3345
4918	4364
4920	9907
4921	154
4922	831
4922	6358
4923	2762
4923	5555
4923	5614
4924	4081
4928	3001
4929	3570
4929	7985
4931	3741
4931	7771
4934	672
4934	2691
4935	2317
4935	6725
4938	7039
4939	4425
4940	6600
4940	7015
4941	8684
4944	2339
4944	4099
4944	7656
4945	1770
4945	6116
4945	9535
4946	6526
4949	1727
4949	2065
4950	118
4952	3054
4952	5310
4953	3986
4953	7201
4955	1501
4956	558
4956	652
4956	2636
4959	5203
4960	1066
4961	5916
4961	6746
4962	2459
4963	3424
4967	1506
4968	9254
4968	707
4970	6021
4972	4332
4975	664
4975	3708
4980	5978
4982	2324
4984	5861
4985	1746
4985	3670
4986	9685
4987	8519
4989	2584
4990	6715
4990	4545
4991	9782
4992	6730
4994	1442
4995	7010
4995	8908
4995	4786
4997	2056
4997	5286
4999	3989
4999	8932
5000	5533
5000	7905
5000	5408
5003	4485
5004	3457
5004	4948
5004	4924
5005	4444
5006	1541
5006	2777
5006	5799
5007	1353
5007	1635
5007	9674
5011	7944
5011	9236
5012	1915
5013	996
5013	1307
5014	1300
5015	121
5015	3353
5016	8810
5019	3294
5019	5127
5021	8867
5024	7221
5025	5559
5026	2210
5026	3484
5026	4792
5027	7418
5028	874
5029	5215
5031	1149
5031	3579
5032	3239
5033	7546
5035	69
5036	3450
5036	9580
5040	6089
5042	8555
5043	5493
5044	7795
5047	9677
5049	1543
5051	1818
5052	5169
5054	8721
5058	29
5059	4932
5060	1991
5060	9271
5062	9175
5064	106
5065	8100
5067	2025
5069	6669
5070	6786
5071	148
5071	2959
5073	7228
5074	2181
5077	5803
5078	7861
5078	8785
5083	7896
5083	4638
5084	1295
5085	8874
5086	9272
5088	8502
5089	1085
5090	1643
5092	4828
5093	2662
5094	5308
5100	479
5100	2721
5101	9650
5102	571
5104	2113
5105	5741
5105	6109
5106	3524
5107	913
5107	4245
5109	4069
5109	6917
5110	9894
5111	8282
5114	6483
5116	2704
5116	2926
5116	2866
5120	9015
5121	8393
5123	2352
5123	3730
5124	5413
5124	9216
5124	9927
5127	1842
5127	4463
5128	1645
5128	3889
5128	6907
5129	3154
5131	4417
5131	4779
5132	3389
5133	5738
5134	27
5135	8370
5135	9644
5136	7729
5139	6436
5142	4204
5142	8891
5146	4902
5147	7121
5147	9895
5149	5336
5149	8495
5153	6566
5156	5713
5157	1838
5158	1694
5159	2909
5159	3878
5161	275
5162	2090
5162	4022
5163	8269
5163	9487
5164	7973
5165	3830
5165	9972
5165	9344
5166	6482
5167	4211
5167	7412
5167	8923
5169	9928
5171	2969
5172	6530
5173	5775
5174	9834
5177	5956
5179	4292
5179	9177
5179	9421
5180	6299
5181	4344
5182	8806
5183	498
5183	1146
5184	5264
5186	7491
5186	9418
5189	9026
5190	2134
5190	9137
5192	349
5192	4618
5193	9607
5196	7742
5198	6844
5199	8427
5200	4620
5200	5332
5202	1837
5203	5671
5204	7041
5206	4379
5207	3534
5209	3042
5210	2813
5211	9001
5211	5554
5212	5095
5212	6749
5212	8771
5213	6222
5214	1339
5214	9100
5216	912
5216	2981
5216	5551
5217	3265
5219	4287
5219	5527
5219	7188
5220	1110
5222	4091
5223	1715
5224	1205
5224	9810
5224	6789
5225	7019
5226	4484
5228	7736
5230	9155
5232	1644
5232	9479
5233	411
5233	1520
5233	2950
5233	3881
5233	9620
5236	2790
5238	3479
5238	4697
5242	103
5242	2308
5243	4251
5244	1988
5244	6900
5244	7857
5246	2544
5246	7781
5247	6353
5247	9200
5248	4285
5250	2532
5251	9702
5252	8253
5252	1824
5256	470
5256	3166
5256	9183
5257	9862
5258	4371
5259	502
5259	7111
5260	3686
5265	7890
5266	7403
5266	86
5267	5118
5267	8982
5268	8132
5269	7874
5271	932
5272	6367
5273	6591
5273	7462
5274	3562
5274	3608
5274	5137
5274	5759
5274	9244
5278	5568
5278	6885
5280	221
5280	4542
5281	6031
5281	6445
5281	7248
5281	7445
5282	3529
5284	2120
5286	5582
5289	5190
5289	7367
5290	5028
5290	6542
5290	8069
5291	478
5293	3694
5296	9311
5297	939
5297	7086
5299	3153
5299	3680
5299	6349
5301	1032
5301	3906
5302	7751
5303	1099
5307	572
5307	1545
5307	3461
5307	9266
5309	4399
5309	9133
5310	4373
5312	575
5315	2375
5317	4397
5318	5581
5319	5471
5320	8691
5324	3458
5324	7479
5326	9274
5328	3029
5329	4864
5331	2566
5334	3015
5334	5053
5335	3186
5335	8662
5337	7115
5340	5804
5340	7758
5342	2082
5343	5785
5346	600
5346	6729
5347	5071
5347	6065
5347	9949
5348	8045
5349	9269
5353	5030
5354	1351
5354	5704
5355	7215
5356	9219
5358	198
5358	557
5364	877
5364	6675
5365	278
5365	3285
5365	7105
5368	805
5368	2953
5369	8743
5370	2179
5370	3077
5370	9716
5374	677
5376	942
5376	7469
5377	3506
5380	1452
5380	3603
5381	3125
5382	2516
5383	3578
5384	3924
5384	4987
5384	8326
5385	8428
5385	8916
5386	2875
5387	3011
5388	8486
5389	943
5389	8611
5389	9257
5391	1827
5392	4643
5394	4476
5395	3824
5398	8449
5399	1453
5399	3905
5399	9353
5400	8062
5401	4027
5401	4868
5402	5883
5403	2397
5403	5076
5406	3053
5406	7732
5408	5466
5408	6980
5410	4935
5410	5894
5410	9558
5411	9757
5413	6404
5417	2658
5418	8025
5418	8085
5418	7786
5420	6634
5421	1571
5421	7150
5423	6688
5424	8759
5425	1152
5425	4660
5426	495
5426	5378
5427	4507
5429	2855
5429	6398
5429	8436
5429	9974
5430	8615
5433	2897
5433	5598
5434	172
5434	5064
5436	1556
5436	6004
5441	2461
5441	2810
5442	4721
5442	5196
5442	5488
5443	3501
5444	3721
5445	3131
5447	5776
5448	838
5449	9389
5450	4491
5450	6179
5452	493
5453	475
5455	6337
5456	6952
5456	7575
5456	9930
5459	7727
5460	5051
5461	8655
5462	9690
5464	1711
5464	4622
5464	7593
5468	8871
5473	462
5473	709
5473	7145
5480	4158
5481	7018
5482	1778
5482	2880
5483	1039
5483	8536
5484	8641
5484	87
5485	2673
5486	4855
5486	3184
5487	7193
5488	4774
5492	8503
5493	1801
5493	4744
5497	4051
5497	7517
5498	57
5499	6174
5500	5708
5502	9128
5506	133
5507	35
5509	2900
5510	2404
5510	7175
5511	785
5511	5678
5511	5232
5512	2877
5512	4149
5512	9376
5513	2140
5514	1251
5514	3831
5514	4945
5514	9668
5515	195
5516	8583
5518	7534
5519	5191
5520	2808
5522	4591
5527	930
5527	8761
5527	3800
5528	8101
5528	9264
5529	3187
5529	7172
5537	273
5538	1326
5538	5728
5539	3785
5540	4762
5540	5731
5543	1507
5543	3204
5546	4636
5546	8095
5548	5586
5548	9960
5549	3720
5549	6351
5550	3815
5550	9117
5552	5458
5552	6314
5554	6951
5555	842
5555	2316
5555	5875
5558	3281
5560	4640
5561	6755
5563	4703
5565	934
5565	1834
5566	9096
5567	9994
5571	5129
5575	1338
5577	5983
5578	3427
5578	6130
5578	7694
5578	2198
5579	9230
5580	6700
5586	1104
5586	2474
5588	1938
5589	1194
5589	4692
5589	5881
5591	5001
5592	1546
5592	5564
5595	2136
5596	6908
5597	1297
5597	2894
5598	5638
5601	8268
5601	1830
5603	519
5605	2436
5605	5905
5606	7378
5606	9831
5608	3799
5609	9232
5610	2605
5610	6193
5610	8318
5611	3328
5612	7153
5612	7202
5616	7912
5616	9867
5617	2698
5617	3729
5617	4229
5618	4759
5620	908
5620	3341
5621	7937
5622	3395
5622	3169
5623	2928
5624	68
5624	3343
5624	8408
5624	9573
5628	5110
5628	6649
5629	4445
5629	7144
5629	9519
5630	5578
5630	6325
5630	8554
5631	6269
5632	9163
5633	2001
5635	4413
5635	7900
5636	4836
5637	3429
5639	276
5640	1552
5640	2856
5641	4303
5642	5331
5642	6863
5643	8628
5643	5384
5645	6959
5646	7475
5653	7108
5655	1654
5656	5629
5656	4611
5656	6006
5657	5401
5658	1508
5659	7134
5660	187
5661	1724
5663	318
5663	1936
5663	7439
5665	2692
5666	1894
5666	7658
5667	2141
5669	2096
5670	3195
5670	3633
5671	2429
5673	361
5674	2410
5674	5494
5674	6695
5676	1042
5677	420
5677	6262
5678	778
5679	1092
5680	800
5680	3093
5681	6847
5682	3678
5682	9324
5683	2500
5685	5873
5686	2499
5687	9495
5688	862
5689	5848
5690	1646
5690	7827
5690	8581
5692	6587
5696	6113
5697	8987
5697	9276
5698	3969
5701	5540
5704	1790
5704	5480
5706	9361
5706	9503
5707	3161
5707	5510
5707	8024
5708	1365
5708	3834
5709	5324
5709	9020
5710	2816
5710	8442
5714	6190
5715	4905
5715	9502
5716	1097
5717	3592
5717	3866
5718	1372
5721	7484
5721	711
5723	8713
5724	3160
5729	7719
5730	36
5730	7213
5730	9115
5731	2535
5731	5221
5732	2368
5733	1720
5734	5610
5736	2040
5736	2476
5738	2188
5739	3336
5741	8216
5743	3751
5743	4424
5744	6403
5745	2440
5745	6751
5746	6784
5747	2262
5748	2365
5749	496
5750	7772
5751	3401
5751	7268
5752	7053
5752	9010
5753	1049
5753	8778
5755	257
5755	9892
5756	6198
5761	2135
5761	5379
5761	8186
5763	6830
5764	745
5764	8474
5765	5640
5765	6719
5766	2240
5766	2061
5768	7100
5769	6300
5770	8322
5771	1465
5775	3926
5775	9966
5777	134
5779	2898
5781	1456
5782	7914
5784	98
5785	1119
5785	6272
5785	8411
5786	5512
5787	5351
5787	7927
5788	7969
5788	8654
5788	9517
5790	4877
5790	7906
5791	2718
5791	6172
5794	3127
5794	4171
5794	7300
5796	6189
5797	5161
5799	928
5799	5987
5800	2957
5802	2206
5802	7871
5804	2713
5805	2610
5807	9619
5810	4387
5810	4462
5811	2161
5811	2393
5811	4020
5812	1368
5812	5502
5812	4380
5813	3214
5817	6422
5818	3819
5818	5116
5819	6624
5819	7705
5820	3805
5821	1932
5821	3813
5821	4961
5822	7984
5823	569
5823	1522
5823	6376
5823	9261
5824	7430
5826	7342
5829	4773
5829	8524
5831	9585
5832	1108
5835	3705
5835	6433
5835	8140
5836	3630
5837	6468
5838	7892
5839	1754
5840	9501
5841	4323
5842	1721
5842	8667
5843	5711
5843	7435
5845	3406
5845	6973
5847	7318
5848	3629
5848	441
5849	5031
5850	1406
5850	1398
5852	3060
5852	6125
5853	4569
5853	6734
5853	8347
5853	9629
5854	538
5854	6369
5854	7084
5855	3884
5856	1083
5857	78
5857	9489
5863	2723
5863	8103
5864	8368
5864	5464
5865	5716
5867	4646
5868	6806
5868	8660
5868	8988
5870	9671
5871	9746
5872	1356
5872	4119
5873	6213
5873	6535
5873	9540
5874	2269
5875	1849
5875	7124
5876	726
5876	6063
5878	7098
5879	2852
5882	568
5882	2738
5885	1690
5885	7426
5886	1577
5888	4871
5888	6454
5888	7657
5891	7136
5893	2696
5894	3945
5894	8072
5895	5355
5896	3904
5896	5546
5897	8180
5898	645
5899	8445
5902	4840
5902	4980
5902	9589
5903	3010
5903	5702
5905	268
5905	922
5905	2980
5905	5241
5906	1142
5907	2521
5907	5952
5908	1272
5908	5511
5909	9141
5910	5268
5912	7486
5916	2094
5916	6229
5917	6091
5918	5758
5919	8970
5920	5977
5922	7535
5922	8346
5922	8979
5923	5503
5923	9416
5926	274
5926	6051
5926	6909
5926	7316
5928	566
5928	2591
5928	6008
5929	6142
5929	6290
5929	1486
5930	4849
5932	3145
5932	4266
5934	256
5936	4706
5937	327
5937	3344
5937	4748
5938	6425
5941	3654
5942	6884
5942	7611
5943	1131
5943	9036
5944	1135
5944	5998
5945	4544
5946	2563
5947	2728
5950	2871
5950	4896
5950	7103
5951	4356
5952	1993
5952	9530
5952	9604
5953	7829
5954	9295
5955	8162
5956	8919
5957	2330
5958	2382
5958	2337
5959	3929
5962	483
5962	529
5962	2103
5962	384
5963	8221
5964	3552
5964	8238
5965	3332
5965	3368
5965	3548
5966	4577
5966	5043
5966	5852
5968	864
5969	853
5969	6092
5969	7776
5970	6873
5970	9062
5971	5438
5972	3664
5973	1999
5974	266
5974	3346
5974	4341
5975	8369
5977	7698
5979	8017
5981	759
5981	3514
5981	5840
5982	2632
5982	9561
5983	4895
5983	6354
5984	6366
5984	8735
5985	3771
5985	4059
5986	924
5986	7218
5986	7726
5987	5400
5988	1419
5989	1816
5989	9549
5990	5143
5991	3569
5992	6546
5993	4907
5994	7232
5994	9836
5995	1636
5996	9665
5998	5392
5999	4809
5999	6742
6000	1473
6001	5451
6001	7940
6003	7852
6003	8731
6009	8482
6012	2737
6016	8951
6018	2540
6020	5842
6020	7803
6020	9000
6021	129
6021	777
6021	5719
6022	8483
6022	9016
6023	4664
6023	5105
6023	8194
6023	9112
6023	9903
6024	4495
6025	8831
6027	8059
6029	7190
6029	8342
6030	806
6031	5521
6032	5192
6034	6186
6036	8432
6037	2016
6039	6598
6041	1567
6041	7977
6042	4173
6042	7767
6043	322
6045	2260
6047	6611
6050	304
6052	743
6052	6971
6054	500
6054	6304
6056	3870
6057	8413
6058	44
6058	5462
6059	6837
6060	6303
6063	1077
6063	9030
6065	2048
6065	3787
6065	6122
6066	9436
6067	6123
6068	1844
6068	9104
6069	6318
6071	9094
6074	6426
6075	2333
6079	7279
6088	1161
6089	8985
6092	7682
6093	3691
6094	9469
6095	2587
6103	7056
6107	762
6107	3129
6108	325
6108	1227
6109	2651
6110	1954
6113	4471
6113	7168
6114	4511
6114	8276
6114	9885
6117	6069
6119	7446
6120	3241
6121	8475
6123	94
6123	9197
6124	933
6125	4065
6128	907
6128	3810
6129	4288
6131	1631
6133	5209
6133	5636
6133	9459
6135	1866
6135	5782
6136	2805
6139	3385
6144	2340
6145	6927
6147	9063
6149	258
6150	220
6151	197
6156	3175
6157	1682
6158	1607
6159	1701
6159	4235
6159	5544
6163	1213
6163	3139
6164	4015
6164	9562
6165	5026
6165	5508
6165	7630
6166	2490
6167	6330
6169	6345
6169	7220
6169	9142
6171	365
6171	5798
6172	6386
6176	451
6176	3942
6176	5781
6177	4232
6177	2306
6178	610
6178	8176
6180	2578
6181	2624
6181	6456
6181	8236
6182	5172
6185	6500
6185	9148
6186	385
6186	5093
6187	3043
6187	5230
6188	1925
6190	9121
6191	8441
6192	1469
6196	9965
6196	7076
6196	7843
6197	7872
6200	8894
6200	9442
6201	7634
6202	2309
6203	739
6203	8272
6205	3197
6206	1273
6206	2114
6209	5822
6210	5457
6212	1376
6212	4230
6213	343
6214	2495
6214	9715
6217	819
6217	1147
6218	7458
6219	775
6219	2708
6219	5383
6219	9612
6220	8500
6220	9505
6221	1498
6221	8330
6221	8377
6222	5249
6222	5732
6225	632
6225	7137
6227	7592
6228	5656
6229	2884
6231	3833
6231	5022
6231	6327
6234	7304
6235	2052
6235	5366
6236	1023
6238	7510
6239	8063
6240	6940
6240	7256
6241	6492
6242	1218
6242	5515
6242	6733
6243	4671
6243	9637
6244	2226
6247	6662
6249	9350
6250	9491
6251	1221
6251	6440
6252	2227
6252	6558
6252	553
6253	4087
6255	9577
6256	3384
6257	7544
6260	2366
6260	5623
6260	6545
6261	885
6264	5463
6265	2026
6266	6107
6266	4388
6269	436
6269	6997
6270	2489
6270	7508
6270	8883
6271	8266
6273	1421
6273	2304
6273	4098
6276	5829
6277	8958
6278	1309
6278	7670
6282	4820
6282	6974
6283	8407
6284	5611
6284	2882
6285	7001
6285	8090
6287	8550
6291	4025
6291	5769
6293	5929
6296	2614
6297	5298
6298	6308
6300	3321
6301	2325
6301	5573
6301	9958
6302	2217
6302	2965
6303	4700
6306	455
6306	6165
6307	162
6308	2987
6309	212
6314	6539
6317	9193
6317	9595
6319	328
6320	1560
6321	8890
6322	5404
6323	3318
6323	7073
6324	2533
6325	3210
6325	4085
6330	955
6330	2078
6331	4617
6332	9043
6333	3753
6333	7579
6333	8071
6336	3183
6337	2834
6337	5961
6340	8003
6341	2010
6342	2839
6342	4658
6342	5485
6342	7416
6342	850
6343	8210
6344	4964
6345	879
6345	8440
6346	1029
6346	8697
6349	3961
6351	3045
6351	9720
6355	3439
6357	7663
6358	3861
6358	5459
6360	179
6360	5162
6360	8384
6361	784
6361	7178
6362	5865
6364	22
6364	2201
6366	4061
6367	1253
6367	9969
6367	508
6368	4724
6369	4950
6369	8280
6369	8598
6370	1217
6372	1835
6377	3208
6377	3284
6378	5933
6379	3612
6380	1413
6380	6762
6380	9985
6382	2283
6382	3310
6382	7916
6383	2069
6384	1410
6384	9576
6386	3189
6386	9143
6386	9906
6389	2997
6389	3459
6389	8900
6392	8569
6392	8752
6393	5918
6397	2286
6398	613
6398	8286
6400	3803
6404	1872
6405	4167
6406	3070
6406	6541
6406	7315
6406	7743
6407	8744
6408	3182
6409	2426
6413	7532
6414	1220
6414	1706
6415	1478
6415	3588
6415	3602
6416	1882
6416	1614
6417	7725
6419	9798
6420	6379
6420	8473
6421	4803
6421	5372
6423	1652
6423	2032
6425	9314
6425	9760
6426	5772
6427	8466
6428	8198
6428	9917
6429	4002
6429	6623
6429	8815
6430	8443
6432	6958
6433	1983
6435	5939
6436	4649
6438	4733
6439	674
6441	6026
6442	3628
6442	9242
6443	9449
6444	649
6444	9278
6444	7184
6445	7558
6446	609
6446	4761
6448	4449
6449	4457
6449	6149
6451	4454
6452	654
6452	6543
6456	733
6456	2774
6456	5784
6457	1674
6457	4218
6459	5600
6459	6124
6460	5666
6462	948
6462	2496
6463	7863
6463	8749
6464	6003
6464	7208
6464	9739
6465	8537
6467	3081
6471	4452
6471	5034
6477	3027
6477	4556
6477	7029
6477	9944
6478	6529
6481	7903
6482	7143
6484	2394
6484	8956
6486	6693
6488	7236
6490	5487
6494	1665
6494	7951
6496	93
6497	4101
6499	8201
6500	9034
6501	1136
6501	7369
6501	7695
6503	6239
6504	5660
6505	7217
6508	9486
6509	5924
6510	2765
6510	5181
6511	2146
6511	6636
6512	7047
6513	7283
6514	2501
6515	1126
6516	2232
6516	4096
6516	8304
6517	5024
6518	1350
6519	244
6520	4512
6520	4543
6524	131
6526	1281
6530	8114
6532	1059
6533	6998
6536	3137
6536	4185
6539	3380
6539	5888
6541	5343
6542	7964
6543	2171
6544	7226
6545	9710
6549	5677
6551	858
6551	4290
6552	3947
6554	5931
6555	4795
6556	4505
6556	6724
6558	2937
6558	8170
6559	582
6559	4416
6561	6099
6562	5126
6564	1944
6565	868
6565	6226
6567	7981
6567	9097
6570	4804
6571	6531
6572	6738
6574	887
6574	1279
6574	4812
6576	7394
6577	3634
6577	8142
6579	2824
6579	8848
6580	1193
6580	5174
6581	2169
6581	4999
6583	7160
6583	8256
6586	4679
6587	3915
6588	8163
6589	7562
6590	3248
6591	7589
6596	7774
6598	1877
6599	230
6599	8565
6600	4203
6603	7867
6604	9068
6605	6692
6607	4581
6607	4648
6607	5123
6608	4586
6608	4824
6609	7340
6610	1749
6611	6891
6612	3658
6613	6673
6615	5138
6617	2925
6617	7763
6618	3987
6619	2064
6620	9947
6621	4184
6621	9180
6621	9497
6622	3887
6624	6809
6625	4026
6625	6841
6626	5517
6626	7338
6627	5058
6627	8829
6627	9764
6628	6555
6628	6748
6629	6708
6631	4155
6632	8645
6635	2165
6635	5684
6637	5860
6638	2456
6640	903
6641	6583
6641	6717
6641	8687
6642	4124
6644	9126
6645	7307
6645	8577
6646	5631
6649	3667
6649	5535
6651	4784
6652	8235
6652	9078
6652	9964
6653	1597
6653	4252
6654	803
6655	4573
6656	3522
6657	8461
6660	7156
6661	1484
6663	5204
6664	2622
6664	4221
6664	8494
6665	2472
6665	9305
6667	9060
6667	7967
6668	5042
6670	8316
6671	7490
6673	7457
6673	9079
6674	2107
6675	3212
6676	75
6676	3128
6676	5608
6677	1305
6678	9371
6679	6309
6680	2631
6680	7461
6680	8182
6680	1888
6682	7966
6683	3176
6683	6665
6684	5010
6684	6760
6685	5528
6686	113
6686	2971
6688	7235
6689	5096
6690	2948
6691	4899
6692	5475
6692	7101
6693	24
6693	8904
6694	3877
6694	6224
6694	9296
6694	8380
6696	3566
6698	3483
6699	1257
6701	3918
6703	3998
6703	8260
6704	2361
6704	5675
6706	3016
6707	2694
6707	6478
6707	6961
6710	4279
6710	6049
6712	497
6713	6372
6715	4459
6716	5442
6717	4796
6717	6197
6717	9315
6721	727
6721	6713
6722	7170
6723	364
6723	5620
6724	8690
6726	8080
6727	1502
6729	7930
6730	1335
6732	4172
6735	951
6738	31
6739	6668
6741	5396
6743	8458
6744	5234
6744	9645
6745	7716
6746	2471
6746	8549
6747	3032
6747	6990
6748	9202
6749	5637
6750	960
6750	5913
6752	4018
6752	8511
6753	8630
6754	346
6755	4453
6756	4949
6756	7222
6757	175
6758	6925
6758	4197
6759	2967
6759	7632
6760	6933
6760	7411
6764	651
6764	9578
6765	74
6766	7278
6767	7347
6768	139
6768	4460
6768	4797
6768	5293
6768	7734
6770	438
6770	2241
6771	1731
6772	9472
6773	4613
6774	7027
6775	2341
6776	8454
6777	8542
6780	6207
6783	4690
6784	676
6784	6196
6786	4110
6786	6141
6791	5680
6793	8811
6794	1269
6795	7339
6797	5789
6798	3637
6798	8313
6799	8250
6799	9410
6801	6778
6803	3410
6803	7272
6806	1068
6806	4913
6808	3058
6808	4481
6809	7333
6810	2506
6810	9301
6810	9857
6810	9548
6811	9609
6812	4574
6812	8600
6813	461
6813	7983
6814	459
6814	2743
6815	8073
6816	6117
6817	1811
6817	5816
6818	1285
6818	9483
6819	3408
6819	8125
6822	9771
6823	5329
6824	8453
6825	6644
6827	1689
6828	3264
6828	4333
6828	8227
6830	3475
6831	7783
6831	4776
6832	620
6832	2993
6832	8601
6833	6869
6834	5101
6834	7163
6834	8274
6836	174
6836	4538
6838	2583
6838	3185
6838	8608
6839	7079
6840	9399
6841	1238
6852	1276
6852	9513
6853	5018
6854	3071
6854	6875
6855	2037
6860	830
6863	5236
6866	6681
6868	111
6869	2825
6869	6271
6870	9086
6874	4182
6874	5779
6878	2228
6879	43
6879	6232
6880	3381
6881	8978
6884	2883
6884	9291
6887	1423
6888	9658
6889	8714
6890	1828
6891	3952
6892	4190
6892	7990
6893	1474
6893	4811
6894	4651
6894	9718
6895	2427
6895	4316
6896	8205
6897	2225
6897	4212
6897	5594
6898	4685
6900	5863
6901	8344
6903	2275
6904	32
6904	3965
6909	895
6909	7298
6911	3776
6911	6864
6911	1686
6913	1420
6914	7615
6915	344
6916	6613
6916	7824
6916	8107
6917	1141
6918	9943
6918	9139
6919	2036
6919	6410
6919	9579
6920	6926
6922	1412
6922	2346
6924	6782
6925	21
6926	4305
6926	8385
6929	7157
6930	9109
6931	6112
6931	9120
6931	9775
6932	2914
6932	9014
6933	9435
6934	2164
6934	7162
6934	8334
6935	5992
6936	1140
6936	9434
6939	1637
6941	9485
6945	8993
6946	6633
6947	425
6947	3896
6947	4369
6948	3339
6953	6496
6954	5866
6957	6770
6959	3544
6963	5353
6963	6920
6966	1766
6967	1468
6967	2844
6967	5445
6968	6672
6969	6652
6969	9419
6970	9160
6971	8538
6972	700
6972	2554
6974	2700
6975	7151
6976	191
6978	1965
6978	8478
6979	237
6981	4616
6984	6509
6986	5271
6987	5940
6988	9206
6989	3903
6989	6282
6990	6810
6990	7120
6992	4108
6992	4981
6993	9828
6994	3974
6994	5947
6996	3
6998	573
6999	3009
7000	2989
7000	3441
7001	5588
7001	6181
7002	430
7002	2211
7002	4598
7002	9590
7005	2650
7007	8892
7009	4629
7009	7777
7011	3235
7013	3243
7014	893
7015	3087
7015	4392
7015	9482
7016	1397
7018	6948
7020	7005
7020	7531
7021	1449
7023	681
7023	1378
7025	6732
7025	7823
7026	1203
7026	1394
7029	9284
7032	9684
7033	435
7033	2661
7033	2806
7033	3025
7034	2783
7035	3272
7037	4720
7038	671
7038	5134
7039	4174
7040	1989
7042	6946
7043	2005
7043	2119
7043	4655
7046	5700
7048	7515
7048	9113
7050	2017
7050	5325
7050	7978
7052	1184
7053	537
7054	999
7055	5572
7055	6286
7056	330
7057	8518
7059	5339
7059	6850
7059	9544
7061	1207
7062	1947
7062	3639
7062	4832
7062	4856
7063	2296
7063	8535
7064	8528
7065	7110
7067	1963
7067	2312
7068	4943
7069	6346
7070	8171
7070	8670
7071	8909
7075	3442
7075	9366
7078	2074
7078	2916
7079	2280
7079	3559
7081	1020
7081	4482
7081	3049
7084	5595
7084	8178
7086	5591
7087	9211
7092	6812
7092	9002
7094	8301
7095	7364
7096	2396
7096	5980
7097	7037
7097	8769
7098	8361
7099	7440
7100	9744
7102	2351
7102	4188
7103	3697
7105	8469
7105	104
7106	588
7106	1696
7107	4634
7110	2012
7112	8228
7113	2160
7113	9498
7114	946
7114	1538
7116	2265
7116	2481
7117	2027
7118	6240
7118	8110
7122	4435
7124	4121
7126	1144
7128	7612
7130	1664
7131	2418
7132	8418
7133	7466
7134	5853
7135	5415
7137	484
7137	9550
7139	7765
7142	5146
7143	1922
7143	8302
7143	8315
7145	3806
7146	3745
7146	4253
7146	8792
7147	9565
7154	7707
7155	4319
7157	4295
7157	4869
7157	8204
7160	8837
7162	4583
7162	9473
7163	4055
7163	6256
7164	5363
7165	5859
7167	3914
7167	7361
7169	4654
7172	9116
7173	1123
7178	3102
7178	5008
7182	510
7182	4530
7183	976
7184	3669
7184	7999
7186	4063
7186	4084
7187	5507
7187	8794
7189	6416
7189	8430
7192	1
7192	4106
7193	3683
7194	950
7194	6348
7195	1177
7196	3858
7196	8533
7196	9394
7196	9570
7197	8293
7197	923
7199	2364
7200	4737
7200	6159
7200	8534
7202	406
7204	3653
7205	7433
7205	7464
7207	4268
7209	6896
7211	2518
7212	432
7215	5153
7215	6103
7216	3611
7216	6328
7216	7540
7217	9514
7218	8278
7221	6944
7223	3822
7227	5691
7230	117
7232	252
7233	7691
7234	6895
7236	6423
7237	6612
7239	3454
7240	3388
7241	2063
7241	7957
7242	837
7243	4859
7244	8222
7244	9701
7247	814
7247	5997
7248	4289
7250	1073
7251	3937
7251	8903
7252	9323
7253	6735
7254	6630
7254	8545
7255	7618
7256	246
7256	736
7256	2034
7258	7447
7258	9360
7259	6357
7260	3857
7264	9375
7265	4758
7267	869
7268	560
7268	1588
7269	9698
7270	1168
7272	6413
7273	5590
7274	7242
7275	5966
7275	7087
7276	5160
7277	890
7277	8764
7281	501
7281	4005
7282	8617
7283	3665
7283	9531
7284	5482
7284	6389
7285	6572
7286	2859
7289	1240
7290	5218
7293	8044
7295	708
7298	994
7300	7702
7301	2470
7302	1383
7303	6402
7304	215
7304	2300
7305	5770
7305	6388
7306	2627
7310	1327
7310	1570
7310	6962
7310	9769
7312	6679
7313	1223
7314	3090
7320	2285
7321	6154
7322	796
7322	7263
7323	6986
7324	1879
7324	3967
7324	5443
7325	3431
7325	3852
7326	2811
7327	8905
7328	5313
7328	9537
7330	5315
7331	6537
7332	523
7332	3898
7333	7264
7336	3173
7336	2215
7337	3784
7341	165
7341	7594
7343	6922
7345	3513
7345	3927
7345	4845
7346	145
7347	2202
7347	5946
7353	1505
7355	5263
7355	7574
7356	301
7357	8556
7358	4807
7360	9732
7365	2236
7366	2007
7366	8845
7367	5386
7368	8124
7369	5282
7369	7028
7370	7684
7371	2400
7371	8226
7376	1244
7376	8197
7379	5587
7382	3419
7382	3530
7382	1130
7384	9031
7385	2360
7386	3242
7386	4816
7386	7866
7388	8336
7390	1734
7392	3640
7394	4534
7395	3387
7395	3993
7395	4523
7395	5899
7395	7502
7396	3172
7396	4019
7396	5245
7396	8128
7397	7956
7399	4551
7401	3971
7402	1312
7403	354
7404	4628
7405	7609
7406	3411
7406	5461
7406	9803
7409	589
7409	646
7410	6626
7410	7888
7412	9825
7414	7959
7416	3108
7416	4988
7416	8020
7417	9192
7418	2147
7420	3553
7420	7525
7424	9319
7425	5477
7425	8950
7425	9654
7426	2947
7426	7189
7428	594
7430	7875
7433	7474
7438	670
7439	208
7440	7169
7441	79
7441	8634
7444	9174
7444	4794
7445	4955
7447	309
7448	3493
7450	6795
7450	8011
7451	4665
7453	59
7453	3939
7455	8816
7457	599
7458	123
7458	7706
7460	2526
7460	7223
7461	4404
7461	8592
7462	8844
7462	9891
7464	4067
7464	4131
7465	1215
7467	2420
7467	8907
7471	2964
7471	5374
7474	7292
7475	8365
7476	8912
7479	1901
7479	2066
7479	3231
7480	4324
7482	1190
7482	4393
7483	3325
7484	1408
7484	4354
7485	1341
7486	8946
7487	8078
7488	3550
7490	4309
7491	3206
7496	509
7496	2891
7498	3779
7500	1656
7500	7597
7502	2434
7502	5696
7503	388
7503	2581
7504	2770
7504	2778
7505	687
7507	7673
7507	8612
7508	7277
7510	3990
7512	8796
7513	5912
7515	5833
7516	190
7516	966
7517	302
7517	1252
7517	2573
7517	7196
7518	1860
7518	2863
7519	2399
7519	4451
7523	810
7523	6865
7526	9454
7527	200
7530	8651
7531	9500
7531	9929
7531	3400
7535	9204
7536	5686
7537	8035
7537	8532
7539	2530
7539	6121
7541	7297
7542	2717
7547	8728
7547	5726
7548	5547
7550	6230
7551	2248
7552	6967
7555	3698
7555	9877
7556	6477
7556	9275
7558	1812
7558	7954
7559	9081
7560	1403
7560	8039
7563	120
7565	4469
7566	737
7567	2955
7567	3122
7567	4929
7573	3040
7573	8465
7576	3030
7577	7262
7578	8990
7579	8233
7580	987
7582	1196
7583	938
7583	9453
7585	1113
7585	3118
7585	4434
7586	1858
7587	5981
7588	3271
7589	7773
7590	3219
7592	1763
7593	6155
7597	2528
7597	4145
7601	3409
7601	7266
7602	6385
7603	3233
7603	5338
7603	6949
7604	472
7606	3416
7607	300
7608	3724
7609	1433
7610	9414
7611	2298
7611	4565
7612	8247
7613	8501
7614	457
7614	4479
7615	2755
7615	5945
7616	8321
7617	3523
7618	6133
7619	3814
7619	4644
7621	4189
7621	5975
7621	9849
7622	5409
7626	3095
7627	404
7628	1723
7628	8975
7629	1685
7629	5370
7630	7893
7631	656
7631	4068
7632	2413
7633	136
7633	2433
7633	6862
7634	4301
7635	6655
7635	9290
7638	95
7639	3414
7639	7230
7642	7045
7643	4732
7644	2828
7644	8196
7644	8530
7644	9484
7645	755
7645	2267
7645	3551
7646	8963
7647	1415
7647	4676
7647	6501
7648	9477
7651	8111
7652	856
7652	3644
7652	4207
7653	2710
7653	6079
7653	8139
7653	8314
7653	8363
7656	7428
7658	9167
7660	2625
7660	8104
7662	1699
7663	6307
7663	9868
7664	937
7664	1096
7668	692
7668	2386
7670	5844
7674	3002
7675	9982
7676	5200
7677	2357
7678	5967
7680	3747
7680	5237
7680	8401
7682	4217
7684	592
7691	4659
7691	4793
7694	7354
7695	2557
7696	2411
7696	8271
7698	100
7698	280
7698	6516
7698	9707
7699	859
7699	5570
7699	9567
7700	456
7701	52
7703	4885
7704	7596
7705	3635
7706	4500
7708	1231
7710	9781
7711	2245
7712	5229
7712	9130
7714	6253
7715	2571
7716	986
7717	6368
7717	6579
7718	7794
7723	724
7724	7455
7726	8007
7731	1684
7732	3136
7733	1127
7733	2823
7733	5402
7733	6874
7733	7453
7734	1260
7734	4163
7734	6036
7735	1454
7735	4440
7735	8241
7736	6754
7740	1513
7740	4904
7740	6638
7742	2435
7742	5246
7745	3655
7745	8885
7746	1388
7746	6646
7747	2819
7748	3292
7752	6588
7753	8784
7755	1569
7755	5652
7757	4984
7759	9521
7761	4382
7763	9156
7767	2200
7767	7497
7767	7548
7768	1981
7770	3301
7772	4934
7773	5345
7774	5569
7774	6728
7776	5180
7778	3571
7780	2764
7780	6759
7782	5953
7783	2858
7783	6185
7784	8546
7786	1961
7786	3728
7786	4107
7786	7557
7787	989
7788	8664
7792	4588
7793	4258
7793	6059
7794	2091
7795	9765
7797	5932
7798	1219
7798	2255
7798	2451
7798	3451
7801	2430
7802	2321
7802	8777
7803	3019
7804	9919
7805	3682
7809	7399
7811	4366
7813	3047
7813	4074
7817	6562
7818	5280
7819	264
7819	1843
7820	138
7820	9195
7821	570
7821	5794
7822	90
7825	5214
7828	789
7830	259
7831	5802
7832	6340
7834	8929
7835	5323
7836	3143
7837	6904
7838	4736
7839	7128
7841	1187
7843	8952
7844	9087
7845	2224
7845	9438
7850	7845
7854	164
7855	4798
7857	3205
7857	5563
7858	5697
7859	5448
7859	7174
7859	9950
7862	3199
7862	4956
7863	4858
7863	8889
7864	2004
7864	2208
7865	4529
7866	1374
7866	1593
7867	6629
7867	9212
7868	3177
7868	4259
7868	7918
7868	9233
7869	3676
7869	9942
7871	236
7872	7586
7872	7804
7873	9790
7874	3046
7875	7350
7877	5845
7877	6086
7878	1111
7878	6218
7879	4540
7879	8623
7880	3545
7881	8544
7883	2529
7885	3835
7885	3972
7887	6711
7887	9795
7888	1424
7890	2051
7890	4916
7891	235
7891	6411
7893	8457
7895	3786
7899	8724
7900	9347
7901	2599
7901	7171
7903	439
7905	2092
7906	5648
7906	9538
7908	8678
7909	4605
7910	350
7911	680
7911	5720
7911	6658
7914	9889
7915	4386
7915	7373
7916	5039
7916	5041
7916	5541
7917	3225
7917	3472
7918	5360
7922	1823
7923	1641
7923	9302
7923	9309
7929	4282
7929	4933
7929	9226
7929	9506
7932	644
7932	4969
7934	815
7934	5705
7934	6437
7934	8319
7935	6075
7935	6401
7936	4731
7937	2623
7937	2769
7938	3073
7938	6415
7940	7255
7942	7090
7943	6604
7945	821
7945	9238
7946	5934
7947	4497
7948	4114
7952	3846
7953	914
7953	7846
7954	4276
7955	8294
7957	1040
7957	9285
7963	9762
7965	362
7965	7008
7967	6560
7968	5792
7969	7397
7972	8193
7973	109
7973	3312
7974	4097
7975	4446
7975	4539
7976	1228
7976	4238
7977	6490
7978	7296
7979	2219
7979	2512
7981	2867
7981	6167
7983	4866
7983	9835
7985	7376
7986	1181
7986	7195
7986	9262
7987	701
7987	2938
7987	5808
7987	6455
7988	324
7988	2664
7990	6183
7990	6573
7990	8868
7990	9763
7992	4368
7992	4821
7993	898
7993	5352
7994	9784
7996	1199
7996	4576
7996	6211
7997	8350
7997	9818
7998	8406
8000	2038
8001	843
8001	5667
8002	1176
8002	1188
8003	1580
8004	1162
8004	2682
8004	4400
8008	9946
8009	7793
8010	2290
8012	7072
8012	7387
8012	8983
8016	4765
8016	1793
8018	2550
8019	1324
8019	8049
8021	4778
8021	6397
8022	7077
8023	2935
8024	2846
8026	731
8029	6050
8033	7482
8034	1891
8035	4860
8036	4725
8036	9287
8037	1150
8038	9300
8040	3394
8041	2689
8041	7173
8042	5723
8043	1730
8046	8661
8047	6807
8049	2279
8050	593
8050	8208
8052	6450
8053	6238
8055	7812
8056	2455
8056	2555
8056	3342
8056	6714
8062	8255
8063	1975
8066	3732
8066	6683
8069	4284
8072	8808
8075	746
8075	4694
8078	476
8078	2522
8078	3349
8079	1780
8079	3823
8082	7059
8083	5276
8083	8673
8084	2934
8085	514
8085	2331
8085	4713
8086	464
8089	2423
8090	3919
8091	6380
8092	124
8093	4337
8095	6110
8097	4635
8098	1945
8098	9083
8099	5275
8099	9426
8101	2409
8101	6880
8101	8231
8103	6617
8104	6217
8106	2353
8108	47
8110	8386
8111	374
8113	9457
8114	6039
8116	1316
8116	9065
8119	1775
8119	3086
8120	10
8120	358
8123	3765
8123	7130
8123	8455
8124	2879
8129	2574
8134	2763
8134	6439
8135	5585
8136	3031
8136	4403
8138	2462
8138	5904
8140	482
8140	6143
8140	8098
8141	3374
8141	7847
8142	633
8143	6118
8144	3398
8144	3605
8145	428
8145	763
8146	4346
8148	5627
8149	8940
8150	3355
8153	2157
8153	8172
8154	3727
8154	8023
8155	1250
8156	549
8156	1417
8156	3964
8160	8668
8163	894
8164	3126
8164	8920
8165	5023
8166	992
8166	8127
8167	9533
8168	9600
8171	1270
8172	5149
8172	5389
8176	1322
8176	5157
8177	1990
8177	5322
8178	4154
8179	7881
8186	591
8186	3149
8186	5419
8188	5617
8188	7622
8190	13
8190	5407
8191	2222
8191	2465
8193	7259
8195	2820
8196	177
8197	4447
8199	6489
8200	6295
8201	4357
8206	62
8206	2408
8208	2046
8211	1366
8212	899
8214	1906
8214	8348
8215	3373
8215	5248
8218	1540
8218	4578
8219	2759
8221	6341
8223	271
8225	2835
8225	4176
8226	2491
8226	7542
8228	5139
8229	1287
8229	1363
8230	3425
8230	5049
8230	5122
8230	5144
8230	6360
8231	4563
8233	2968
8233	5082
8233	5346
8234	8793
8236	6302
8237	8425
8238	4874
8239	2930
8240	1313
8240	5212
8241	4839
8244	2478
8245	452
8245	702
8246	8876
8248	1087
8248	1488
8250	105
8250	178
8250	3469
8250	4389
8250	5199
8251	9293
8251	7631
8252	7842
8254	1396
8254	7207
8254	7357
8255	8338
8255	9428
8257	833
8257	9642
8258	8726
8259	3170
8263	1093
8263	3757
8265	473
8267	2062
8268	8220
8268	8938
8269	5849
8269	9516
8271	3946
8271	9370
8272	6976
8273	2412
8273	2785
8273	6913
8273	9406
8275	9983
8276	8906
8276	4116
8277	2039
8278	4699
8279	3110
8279	7755
8281	8688
8281	9466
8284	315
8287	8382
8287	6743
8289	6758
8293	2745
8298	7080
8299	282
8300	7113
8300	7671
8301	8138
8301	8484
8301	9208
8304	9932
8305	6461
8306	2354
8307	2182
8307	6481
8307	8016
8308	4278
8309	2313
8309	8712
8310	3348
8311	9248
8311	9931
8312	7389
8313	1230
8313	8261
8317	3466
8318	6350
8319	5136
8319	8818
8320	4474
8321	7607
8324	6525
8324	5305
8325	7993
8328	4843
8329	7370
8329	8596
8330	6465
8332	9402
8335	1787
8337	6568
8338	6677
8339	2176
8339	5109
8339	8219
8340	4689
8341	8075
8343	4073
8345	4549
8345	5187
8345	6087
8346	3420
8349	6105
8350	8086
8350	8582
8351	3215
8354	1319
8355	8367
8356	6818
8357	712
8358	1970
8359	5412
8359	9861
8360	3792
8360	5796
8361	7099
8364	6643
8367	4420
8368	7407
8369	1736
8369	6979
8370	3276
8370	5472
8370	7404
8371	3393
8372	4768
8373	982
8374	7065
8375	5388
8375	6470
8377	6033
8380	2233
8381	2018
8381	8398
8384	2601
8384	5668
8384	6597
8385	1576
8385	8804
8386	1829
8387	782
8389	827
8392	2757
8393	871
8393	3842
8393	1061
8397	1443
8397	1680
8397	8947
8401	3351
8402	3688
8403	9398
8404	156
8405	1233
8405	3337
8406	604
8406	2083
8407	1004
8407	6881
8408	8643
8408	9636
8409	6405
8413	5718
8415	9647
8415	5898
8416	1710
8416	1761
8416	4428
8416	4570
8417	1900
8417	9023
8418	3740
8418	8851
8419	1976
8419	2129
8419	3959
8419	7986
8420	9281
8421	4639
8421	9788
8422	1485
8422	3808
8423	9088
8425	1308
8425	6002
8426	3943
8427	4254
8428	7710
8429	2701
8429	3449
8430	7483
8431	8609
8434	4191
8436	2172
8436	3062
8436	6846
8436	9252
8437	5239
8439	6244
8441	7672
8443	6918
8446	3599
8447	1697
8448	4406
8448	6956
8449	793
8449	9977
8450	4602
8451	5
8451	5223
8454	6854
8457	9046
8458	927
8458	7693
8458	9800
8458	67
8460	1920
8462	5439
8462	9259
8464	5742
8465	2235
8466	7955
8467	5301
8468	3244
8470	1074
8472	6040
8473	7329
8473	7750
8475	3812
8475	6799
8478	7388
8479	3147
8480	7291
8481	391
8482	3326
8484	985
8484	5100
8485	9171
8487	7576
8488	4391
8492	2613
8493	2480
8495	56
8496	7126
8496	8144
8496	7337
8497	6377
8499	3932
8499	8675
8500	9256
8501	1676
8502	5357
8506	9333
8507	3098
8508	3191
8509	7619
8510	5788
8510	7142
8512	1549
8512	8699
8513	2000
8514	8160
8515	9865
8516	394
8516	6293
8517	1544
8517	3996
8517	4231
8519	4194
8519	8004
8524	7822
8524	8568
8528	7965
8531	9651
8532	9553
8533	2503
8533	8029
8534	4043
8535	6100
8536	555
8536	8948
8537	3564
8537	9011
8539	4518
8539	7042
8539	9991
8540	5078
8543	6333
8544	3111
8548	1206
8548	1562
8548	3302
8550	3844
8551	1668
8551	4592
8552	2570
8552	7383
8553	3020
8553	6128
8554	1939
8554	5410
8554	5317
8557	9408
8560	8325
8561	5653
8561	8860
8562	7290
8563	1002
8563	2247
8564	9385
8566	8762
8567	1940
8567	2492
8568	4156
8568	9346
8569	9532
8572	1395
8572	8115
8573	6249
8574	1234
8575	4939
8577	753
8578	3104
8578	4838
8579	8131
8581	2045
8581	5099
8582	5344
8586	3558
8588	4547
8588	5206
8591	3662
8591	5831
8593	8485
8595	5421
8596	3735
8596	6252
8596	7582
8597	9615
8600	234
8601	3190
8603	2645
8603	4510
8604	3164
8604	4977
8605	7123
8605	8120
8606	1482
8606	2826
8608	3018
8609	6057
8611	8374
8611	9367
8612	3851
8613	7306
8614	2116
8614	5941
8614	6601
8616	6076
8617	3913
8619	7083
8620	423
8620	1524
8620	2525
8621	1899
8621	3304
8621	7287
8621	9124
8622	8934
8623	3554
8626	2792
8626	3179
8627	4738
8629	9374
8630	184
8630	7106
8630	8283
8631	5318
8631	6689
8631	9948
8632	1028
8632	9338
8633	2815
8633	7295
8633	8830
8635	2327
8637	3006
8638	147
8638	2873
8638	5919
8638	8106
8640	1487
8640	2389
8640	6493
8643	6364
8646	773
8646	2775
8651	8275
8653	218
8654	5290
8654	6352
8658	597
8658	1158
8658	8081
8660	6054
8662	9770
8665	4129
8665	6032
8665	6639
8666	5901
8669	7519
8670	3746
8672	1392
8674	766
8674	4940
8674	6028
8674	9443
8675	1626
8675	2986
8675	6736
8676	6966
8679	1248
8680	3938
8680	5052
8680	7017
8682	5316
8683	1288
8686	5500
8688	6928
8692	4261
8695	647
8695	8307
8696	3907
8697	716
8697	4304
8697	5046
8697	7975
8698	4456
8698	5369
8698	6942
8704	9179
8704	9525
8706	5886
8710	596
8710	3762
8714	454
8714	9722
8716	352
8716	786
8716	9134
8716	9623
8717	3606
8717	4415
8717	7467
8717	8594
8717	7566
8719	2089
8719	7352
8723	1459
8723	3232
8728	5583
8730	8391
8730	9998
8733	3402
8734	5820
8735	1702
8735	8209
8737	205
8739	4898
8739	8864
8739	9826
8740	802
8741	2347
8742	7660
8746	2939
8747	2600
8748	1399
8748	2771
8748	6178
8748	8335
8749	6682
8753	4661
8756	9312
8759	8742
8760	640
8760	7509
8760	7647
8761	5004
8763	1348
8764	1151
8767	7627
8769	339
8772	9185
8774	5195
8774	6648
8774	8840
8774	9809
8776	770
8776	1633
8780	1581
8782	2348
8782	7571
8783	4161
8784	6494
8787	3256
8790	1789
8791	5231
8791	8410
8793	1086
8793	2249
8793	5217
8794	6888
8795	8822
8796	4822
8797	2748
8799	1434
8800	615
8802	4265
8802	5632
8802	9961
8804	7807
8804	8129
8804	9237
8805	5746
8808	1678
8809	5244
8810	161
8810	4681
8812	2143
8813	3134
8814	2868
8814	6375
8819	5679
8820	1377
8820	5923
8825	3744
8825	4637
8826	2791
8826	6150
8828	9704
8830	9008
8832	1889
8832	5972
8833	4687
8834	3880
8835	1143
8835	1618
8835	4645
8835	8404
8835	8763
8836	356
8836	5692
8836	5995
8838	8167
8844	965
8844	6223
8845	9987
8847	897
8852	8405
8854	2468
8854	4882
8859	3492
8861	3364
8861	9108
8862	3966
8864	263
8864	9915
8866	2419
8866	2453
8867	8881
8868	1601
8868	2659
8868	5453
8868	6163
8869	8323
8870	2417
8871	3305
8871	8022
8872	3082
8873	6158
8875	5070
8876	2077
8878	5222
8878	7868
8878	8493
8879	5996
8879	6707
8880	6287
8881	8296
8881	4633
8882	1898
8882	1955
8882	4050
8883	7391
8885	2258
8887	4291
8889	5773
8891	4521
8891	7878
8892	5328
8892	8207
8893	691
8896	1875
8897	2593
8897	9119
8898	1551
8898	2101
8900	336
8900	1671
8901	2768
8901	7849
8903	2929
8903	7408
8905	30
8905	9626
8907	919
8907	3314
8908	1886
8909	3916
8909	7303
8912	2213
8916	5965
8918	8242
8918	9882
8919	836
8919	6084
8920	1628
8920	4041
8924	2102
8924	4597
8925	1657
8927	3968
8929	8859
8929	9575
8930	1490
8931	1311
8932	283
8932	1688
8933	42
8933	8663
8934	1561
8934	5984
8935	6753
8937	2323
8938	319
8939	8477
8941	7498
8942	4470
8944	6513
8945	9101
8945	9334
8946	6115
8947	7748
8948	1587
8948	4800
8948	7859
8950	7898
8952	3396
8952	4764
8952	9342
8955	4038
8957	5740
8958	4170
8960	1015
8960	1953
8960	2842
8960	5005
8961	2151
8961	6498
8962	1079
8963	6326
8964	1583
8965	4735
8965	8989
8966	4789
8969	4082
8969	7132
8972	547
8973	2483
8973	5812
8976	7023
8978	5599
8978	9145
8979	6164
8980	1795
8981	7683
8982	3338
8983	865
8984	3317
8986	5520
8987	2311
8988	9588
8989	9451
8991	846
8993	8695
8996	4537
8997	1283
8997	5429
8997	6041
8997	8218
8998	1451
8998	4499
8999	618
9000	5790
9000	6394
9001	8619
9002	167
9003	3872
9003	9042
9004	9813
9005	5683
9005	6462
9006	7060
9008	857
9010	1198
9011	2085
9011	3848
9012	8343
9013	6985
9013	7385
9014	2845
9015	9622
9016	1820
9019	4152
9020	8028
9021	2401
9021	4596
9022	3817
9022	9220
9023	240
9025	7854
9026	876
9027	4501
9027	6774
9029	1291
9029	5897
9030	2422
9030	3426
9031	4142
9034	585
9035	3433
9035	6930
9036	3026
9037	1784
9038	1638
9038	7183
9039	909
9039	9545
9041	8417
9042	7712
9044	5695
9044	6995
9047	115
9047	2611
9047	4769
9049	7886
9050	3007
9051	7334
9051	8870
9054	4127
9055	4302
9055	6098
9055	8329
9056	2266
9056	3494
9056	3871
9056	5839
9057	2197
9061	4808
9061	8515
9062	9335
9062	126
9063	4777
9065	8074
9066	1764
9066	8448
9066	9240
9067	732
9067	2901
9067	3361
9067	5292
9067	2618
9068	3334
9070	2020
9072	8237
9072	9306
9073	5558
9073	6306
9073	6705
9077	3714
9078	4562
9080	1472
9081	1235
9081	637
9082	7199
9082	7962
9082	8827
9084	5269
9085	9893
9086	503
9086	1957
9086	5399
9086	9815
9086	9864
9088	4193
9090	299
9092	8707
9093	6921
9094	5556
9095	1621
9095	3936
9096	1430
9099	3763
9100	1878
9101	2782
9103	2497
9103	6108
9103	9407
9103	9591
9105	429
9105	9196
9106	8857
9107	5302
9109	6268
9116	277
9116	7613
9117	8708
9121	2243
9122	8652
9123	1535
9123	9207
9124	6362
9128	2915
9130	2905
9130	6722
9131	2781
9133	3837
9133	4274
9133	4708
9133	9390
9135	3163
9135	6166
9135	6670
9138	7135
9138	9102
9139	7639
9140	1675
9141	6963
9141	8290
9142	8768
9143	2646
9144	6453
9145	9154
9146	4920
9147	5398
9149	3607
9149	3772
9150	823
9150	1802
9150	2944
9150	5390
9150	5670
9151	101
9151	7139
9152	1175
9153	65
9153	6212
9155	2982
9155	6480
9156	808
9156	9122
9157	3340
9160	7380
9160	7633
9162	8452
9163	5497
9164	1909
9164	4909
9165	4911
9167	331
9168	1559
9170	5826
9171	3801
9175	8659
9175	8813
9175	396
9177	1785
9178	7033
9178	1608
9182	4559
9184	307
9186	6787
9187	3591
9187	5016
9188	7754
9188	8145
9192	3316
9193	2629
9194	39
9195	7343
9197	7506
9199	1463
9199	4775
9203	5896
9205	6550
9206	4522
9208	834
9209	7349
9211	3500
9212	443
9214	1946
9214	8451
9215	6034
9217	91
9217	5132
9218	3471
9218	6312
9219	5721
9220	1994
9220	5387
9221	5009
9221	8739
9221	9926
9222	6261
9222	9990
9223	6400
9225	4331
9226	5824
9228	962
9228	4150
9228	6726
9230	2336
9230	9147
9231	9003
9232	5698
9234	2292
9234	7830
9234	8012
9236	998
9236	5056
9236	9908
9237	4910
9237	6938
9238	1254
9238	4283
9238	8388
9240	347
9240	3975
9240	9488
9245	9210
9246	308
9246	5951
9246	8939
9247	4052
9249	4024
9253	424
9253	1716
9253	4317
9254	9059
9255	5403
9257	2293
9259	5513
9260	5999
9261	9218
9262	1165
9267	536
9268	6216
9269	225
9271	8820
9271	6671
9274	8991
9277	4827
9278	8797
9279	920
9285	7996
9286	4925
9288	9783
9289	4078
9290	5173
9291	2656
9292	3192
9292	5394
9293	6820
9295	2589
9296	9843
9297	5358
9297	6294
9298	3476
9299	2758
9299	3331
9299	3811
9299	7346
9300	408
9301	3951
9302	4367
9302	9468
9303	4442
9304	2058
9304	5787
9306	2303
9306	6414
9307	2534
9308	3580
9310	936
9311	6072
9311	7384
9313	5406
9313	9201
9315	2547
9315	2683
9316	3616
9317	7016
9319	4199
9324	1912
9325	2720
9328	1274
9329	2407
9329	6173
9331	2933
9332	3188
9332	3254
9334	7644
9334	7785
9335	3148
9335	9854
9336	4825
9340	9405
9341	7573
9344	4677
9344	7280
9347	7746
9349	6234
9349	8967
9351	7216
9352	6992
9354	3221
9356	9345
9358	9209
9362	5504
9363	6687
9365	8064
9365	8468
9368	4975
9370	7667
9373	7064
9374	4088
9376	5368
9376	7460
9377	96
9377	6395
9377	9721
9379	9656
9380	219
9382	2362
9382	6418
9382	7122
9382	9951
9383	3155
9385	5655
9388	2460
9388	5158
9390	2270
9391	2597
9394	5067
9396	7887
9398	8070
9400	8126
9401	146
9401	7768
9403	3362
9403	9044
9404	9923
9405	7358
9406	8134
9407	2075
9407	3519
9408	9018
9409	285
9409	8626
9410	4612
9410	7925
9412	2230
9412	3024
9412	4918
9416	4075
9419	9024
9420	797
9424	73
9424	3367
9424	3958
9427	8504
9430	2832
9434	3146
9436	2941
9437	4691
9438	2028
9438	5083
9438	5955
9439	9569
9441	3820
9443	6731
9445	1278
9445	5522
9447	3895
9447	9791
9450	5465
9451	41
9451	4509
9452	7980
9456	2999
9458	1462
9458	3656
9458	3760
9458	6382
9459	8303
9461	801
9462	3266
9463	4198
9464	849
9464	4140
9466	9340
9468	901
9468	4168
9470	1609
9472	4378
9473	1917
9473	7085
9474	5524
9476	4833
9477	4621
9478	4272
9479	144
9480	6876
9483	1737
9483	4788
9484	3267
9484	3488
9486	9627
9491	5885
9491	6882
9491	9805
9492	4241
9493	1862
9493	4879
9493	7046
9494	6278
9495	4653
9497	7858
9500	9286
9501	1371
9501	9431
9504	2475
9505	1893
9505	5592
9506	6506
9507	2619
9508	182
9509	8429
9510	1515
9510	2122
9510	5806
9515	7902
9516	5942
9517	1204
9517	4781
9517	8647
9518	4432
9519	3279
9519	5815
9521	9624
9521	9768
9524	7182
9526	8559
9529	370
9529	1805
9529	3957
9530	9231
9531	6384
9531	6570
9532	1610
9533	305
9533	1001
9533	2166
9535	5184
9537	1245
9537	5757
9541	8622
9541	9005
9543	446
9543	586
9545	2281
9547	4931
9548	395
9549	5474
9549	6589
9550	3253
9550	9365
9553	7253
9555	8027
9558	1517
9558	8353
9560	7070
9561	2111
9563	5682
9563	5763
9567	7269
9568	7067
9568	8629
9569	5156
9571	2539
9574	3251
9579	8175
9579	9807
9580	642
9581	567
9583	1564
9584	2105
9584	6814
9585	1865
9587	750
9588	8937
9589	6248
9591	6237
9592	7564
9595	4089
9596	3236
9596	6656
9597	9040
9598	3485
9598	5727
9599	2205
9599	7934
9599	9621
9602	5596
9603	9092
9604	2373
9604	6912
9605	963
9605	2804
9606	4035
9606	9574
9607	2794
9608	4438
9609	1930
9609	3455
9609	9829
9609	8066
9610	1753
9610	8941
9611	66
9614	1966
9616	4835
9616	6134
9618	1574
9619	2788
9620	8224
9622	7913
9623	1364
9624	6343
9624	8838
9624	9384
9625	3911
9625	7935
9626	3804
9627	515
9627	9692
9628	4466
9628	9873
9629	1742
9629	6083
9631	4256
9632	2735
9634	1355
9634	7625
9635	33
9635	2381
9635	6097
9636	6996
9637	2209
9640	625
9643	4338
9643	4486
9643	5405
9643	6408
9644	8402
9646	6243
9648	6297
9650	1292
9651	722
9651	8400
9652	1584
9653	2445
9654	947
9654	4674
9654	8496
9655	9526
9656	5543
9656	6744
9659	4834
9660	2369
9660	3781
9660	7241
9661	3418
9662	5630
9663	5107
9663	9594
9664	2126
9665	1599
9665	5645
9667	5255
9667	8387
9668	969
9668	2779
9669	6767
9670	1640
9671	7897
9673	9439
9675	9953
9676	2504
9676	9901
9678	2776
9678	7234
9682	8836
9684	1296
9685	5452
9686	6322
9687	7724
9688	4508
9689	4780
9690	8192
9692	7265
9693	8008
9693	8229
9694	1870
9694	7078
9698	855
9699	929
9700	5342
9701	2050
9703	7351
9707	6581
9708	102
9708	9511
9709	1471
9712	2838
9712	4600
9713	990
9713	1595
9715	2371
9716	1632
9717	4104
9717	5285
9720	5025
9721	1266
9721	7690
9722	169
9722	9019
9725	6960
9726	6827
9728	7066
9729	1582
9733	2874
9734	4224
9739	4951
9740	7362
9742	772
9743	4109
9744	4672
9746	8245
9746	8345
9747	348
9748	8416
9749	5235
9750	3586
9750	6723
9752	6821
9753	77
9755	2084
9755	7294
9757	8079
9758	5382
9761	5665
9761	7050
9762	6020
9762	6970
9763	6392
9765	3750
9766	2276
9769	4894
9769	6564
9769	6957
9770	1046
9771	1370
9771	8327
9772	3981
9772	9464
9773	7650
9774	4006
9775	3397
9775	9547
9777	311
9778	4863
9778	7112
9779	6701
9780	6254
9780	9616
9783	9105
9786	5102
9786	6517
9787	5061
9788	5183
9789	6514
9789	6943
9789	9819
9791	3538
9791	9606
9793	3392
9794	379
9798	4128
9801	662
9803	1262
9803	8637
9803	9089
9803	9188
9806	8422
9809	5744
9809	8702
9810	5574
9811	776
9811	1933
9811	7327
9815	9404
9816	5988
9818	3277
9825	6374
9826	7133
9827	5086
9828	4363
9829	5044
9830	1786
9830	8717
9833	5367
9835	660
9835	2320
9835	2970
9835	5841
9835	8841
9836	619
9836	1996
9839	9679
9840	7114
9841	1876
9841	5786
9841	7239
9843	8895
9845	5385
9847	8571
9848	3609
9849	2100
9851	3041
9851	4647
9852	1548
9852	3430
9852	4555
9855	296
9855	9450
9856	4169
9856	9050
9857	2326
9857	4852
9859	945
9859	1624
9863	7756
9865	4608
9866	4045
9866	7933
9870	5729
9871	1118
9871	9973
9874	513
9874	9734
9875	765
9875	4180
9876	6225
9876	9194
9876	9979
9878	4048
9878	7703
9879	9936
9880	3295
9881	5575
9882	1531
9882	2552
9882	7524
9882	9879
9883	5186
9883	8239
9883	9986
9884	2318
9885	8770
9886	38
9887	6503
9888	3319
9888	7419
9889	5538
9890	3755
9890	7821
9894	3617
9894	6102
9895	7055
9896	6575
9897	3372
9899	1464
9901	8352
9901	9136
9903	2638
9903	9634
9907	512
9907	6139
9909	7761
9910	6148
9912	460
9916	389
9917	1125
9917	3752
9918	9773
9920	1808
9922	7879
9923	5164
9923	7825
9924	8729
9925	9693
9925	9714
9927	8042
9928	5579
9930	6804
9932	7685
9933	3737
9934	9610
9935	2421
9937	9432
9939	1751
9939	3468
9939	4892
9940	6000
9941	1713
9941	6712
9943	80
9943	4033
9943	4632
9946	2714
9946	6106
9947	3797
9948	8135
9952	5309
9953	3363
9954	8006
9956	7708
9959	2473
9962	9006
9963	9890
9964	8689
9965	143
9966	5639
9966	5968
9967	6288
9968	4799
9969	6381
9972	3105
9972	9181
9973	3052
9973	9838
9974	6547
9974	6678
9977	2803
9977	8009
9978	8036
9978	8472
9979	2193
9979	2702
9979	7850
9980	1301
9980	8734
9983	4601
9984	7009
9985	1067
9986	1918
9986	4306
9986	5548
9988	188
9990	6313
9991	7372
9991	8188
9993	229
9994	8467
9995	8141
9996	366
9997	5104
9999	1401
9999	4717
9999	7559
